COMISIÓN NACIONAL DEL AGUA
COORDINACIÓN GENERAL DEL SERVICIO METEOROLÓGICO NACIONAL
BASE DE DATOS CLIMATOLÓGICA NACIONAL 

REGISTRO DIARIO HISTÓRICO
EMISIÓN   : 01/05/2026 

DATOS DISPONIBLES EN LA BASE DE DATOS A: MAY DE 2026; 
CON LA INFORMACIÓN SUMINISTRADA POR LAS UNIDADES ADMINISTRATIVAS 

 ESTACIÓN  : 3115 
 NOMBRE    : LOS LAURELES 
 ESTADO    : BAJA CALIFORNIA SUR 
 MUNICIPIO : MULEGÉ 
 SITUACIÓN : SUSPENDIDA 
 CVE-OMM   :   
 LATITUD   : 27.6 ° 
 LONGITUD  : -113.55 ° 
 ALTITUD   : 70 msnm 




FECHA		PRECIP	EVAP	TMAX	TMIN
		(mm)	(mm)	(°C )	(°C)
1977-07-01	0	2.1	36	12
1977-07-02	0	3.2	37	12
1977-07-03	0	6.6	36	12
1977-07-04	0	12.5	36	11
1977-07-05	0	4	36	13
1977-07-06	0	7.6	35	12
1977-07-07	0	8.6	37	12
1977-07-08	0	9.1	36	11
1977-07-09	0	8.7	32	12
1977-07-10	0	2.9	32	10
1977-07-11	0	6.4	37	13
1977-07-12	0	4.1	32	12
1977-07-13	0	4.3	37	12
1977-07-14	0	6.4	36	14
1977-07-15	0	9	31	13
1977-07-16	0	10.6	32	11
1977-07-17	0	7.5	36	12
1977-07-18	0	9.2	36	12
1977-07-19	0	8.9	36	12
1977-07-20	0	7.2	37	12
1977-07-21	0	8.6	36	13
1977-07-22	0	6.7	37	13
1977-07-23	0	6	37	12
1977-07-24	0	7.6	37	12
1977-07-25	0	10.5	39	11
1977-07-26	0	8.6	40	13
1977-07-27	0	4.4	40	14
1977-07-28	0	5.7	39	12
1977-07-29	0	3	40	12
1977-07-30	0	4.1	40	13
1977-07-31	0	4.5	40	12
1977-08-01	0	8.1	40	12
1977-08-02	0	8.2	40	12
1977-08-03	0	10	40	12
1977-08-04	0	8.4	39	12
1977-08-05	0	7.3	39	8
1977-08-06	0	7.9	40	12
1977-08-07	0	3.5	40	13
1977-08-08	0	5.5	40	13
1977-08-09	0	4.2	39	12
1977-08-10	0	8.3	40	8
1977-08-11	0	9.4	39	12
1977-08-12	0	11.6	40	12
1977-08-13	0	10.4	40	12
1977-08-14	15.5	11.1	40	8
1977-08-15	17.5	10.6	39	8
1977-08-16	0	6	39	8
1977-08-17	0	5.6	38	9
1977-08-18	0	7.6	38	9
1977-08-19	0	6.9	40	8
1977-08-20	2	3.8	40	8
1977-08-21	0	2	39	10
1977-08-22	0	5.7	39	10
1977-08-23	0	7	40	8
1977-08-24	0	6.7	40	8
1977-08-25	0	5.5	39	12
1977-08-26	0	7.1	40	8
1977-08-27	0	6.3	40	8
1977-08-28	0	5.8	38	12
1977-08-29	0	8.5	39	12
1977-08-30	0	5.6	40	8
1977-08-31	0	5.9	38	12
1977-09-01	0	9	33	14
1977-09-02	0	5.7	35	12
1977-09-03	0	5.4	36	12.5
1977-09-04	0	6.8	35	15
1977-09-05	0	6.7	34	14
1977-09-06	0	5.7	36	14.5
1977-09-07	0	5.8	34	16
1977-09-08	0	6.1	32	15
1977-09-09	0	5.1	33	14
1977-09-10	0	4.8	34	13.5
1977-09-11	0	3.7	33	14
1977-09-12	0	5	35	16
1977-09-13	0	5	34	14.5
1977-09-14	0	5.4	34	15
1977-09-15	0	5.7	34.5	15.5
1977-09-16	0	6.9	35	15
1977-09-17	0	7.5	36	16
1977-09-18	0	5.8	35.5	16.5
1977-09-19	0	6.8	35	15
1977-09-20	0	6.7	36	15.5
1977-09-21	0	6.4	34	15
1977-09-22	0	6.6	35	14
1977-09-23	0	6.2	33	14.5
1977-09-24	0	7.2	33.5	16
1977-09-25	0	6.7	35	17.5
1977-09-26	0	6.2	34	18
1977-09-27	0	8.1	34.5	17
1977-09-28	0	7	33	17.5
1977-09-29	0	6.8	31	17
1977-09-30	0	6.2	31.5	18
1977-10-01	0	3.6	31	13
1977-10-02	0	3.1	33	13.5
1977-10-03	0	2.7	31	12
1977-10-04	0	2.9	29.5	14.5
1977-10-05	1	3.4	30	11
1977-10-06	2	2.7	33	11.5
1977-10-07	0.5	1.9	31.5	12
1977-10-08	0	3.2	30	12.5
1977-10-09	0	2.9	29.5	13
1977-10-10	0	3.1	28	12.5
1977-10-11	0	2.4	29	14
1977-10-12	0	4.7	28.5	13.5
1977-10-13	0	5.3	27	16
1977-10-14	0	3.9	29	15
1977-10-15	0	6	30	14.5
1977-10-16	0	2.7	30.5	14
1977-10-17	0	3.4	29	14
1977-10-18	0	5.8	28.5	15
1977-10-19	0	3.9	27	13
1977-10-20	0	4.6	29	16
1977-10-21	0	4.7	29.5	14
1977-10-22	0	3	30	14.5
1977-10-23	0	2.6	31	12
1977-10-24	0	3.2	30	12
1977-10-25	0	2.2	28	10.5
1977-10-26	0	3.9	27.5	12
1977-10-27	0	4.5	26	11.5
1977-10-28	0	3.4	29	10
1977-10-29	0	4.8	30.5	12
1977-10-30	0	3.4	29	12.5
1977-10-31	0	3.9	28	11
1977-11-01	0	3.3	30	12.5
1977-11-02	0	3.4	27.5	13
1977-11-03	0	3.3	28	13.5
1977-11-04	0	3.8	26.5	14
1977-11-05	0	3.2	29	11
1977-11-06	0	2.8	26.5	11.5
1977-11-07	0	3.9	27	12
1977-11-08	0	3	29	10.5
1977-11-09	0	3.4	29.5	11
1977-11-10	0	3.2	30	10
1977-11-11	0	4.8	31.5	9.5
1977-11-12	0	4.5	26	8
1977-11-13	0	3.4	27.5	9.5
1977-11-14	0	3.7	26.5	9
1977-11-15	0	3.5	28	10
1977-11-16	0	5.1	28	10.5
1977-11-17	0	4.3	26	9
1977-11-18	0	4.4	25	10.5
1977-11-19	0	3.7	26	11
1977-11-20	0	2.6	26.5	10
1977-11-21	0	3.8	27	7.5
1977-11-22	0	3.3	28	9
1977-11-23	0	2.5	28.5	9.5
1977-11-24	0	2.2	29	9
1977-11-25	0	3.9	27	10
1977-11-26	0	3.2	27.5	10.5
1977-11-27	0	3.1	28	11
1977-11-28	0	3.9	26	9
1977-11-29	0	3.2	26.5	9
1977-11-30	0	2.8	28	9.5
1977-12-01	0	3.7	26	10
1977-12-02	0	2.9	26.5	10.5
1977-12-03	0	1.4	25	9
1977-12-04	0	3.6	28	7
1977-12-05	0	2.2	27	5
1977-12-06	0	3.1	26	6
1977-12-07	0	3.6	27.5	7
1977-12-08	0	2.7	29	7.5
1977-12-09	0	2.7	28	9
1977-12-10	0	3.5	27	10
1977-12-11	0	5.1	28.5	12
1977-12-12	0	3.9	26	10
1977-12-13	0	1.7	24	10.5
1977-12-14	0	2.4	26	9
1977-12-15	0	2.9	26.5	9.5
1977-12-16	0	3.2	25	8
1977-12-17	0	3.3	25.5	8
1977-12-18	0	4.8	25	8.5
1977-12-19	0	6.1	23	9
1977-12-20	0	3.7	26	4
1977-12-21	0	1.5	24	7
1977-12-22	0	4.3	24	3
1977-12-23	0	2.2	25	5
1977-12-24	0	3.6	23	6
1977-12-25	0	3.2	24	7
1977-12-26	0	5.1	23	8
1977-12-27	0	4	24	8.5
1977-12-28	0	2.4	23	6
1977-12-29	0	3.2	24	6.5
1977-12-30	0	2.6	25	5
1977-12-31	0	3.6	25.5	5.5
1978-01-01	0	2	23	6
1978-01-02	0	3.1	24	6.5
1978-01-03	0	3	24.5	4
1978-01-04	0	2.8	23	5
1978-01-05	0	2.5	22.5	5.5
1978-01-06	0	3.8	22	6
1978-01-07	0	3.2	23	5
1978-01-08	0	2.9	24	4.5
1978-01-09	0	3	23.5	4
1978-01-10	0	2.9	22	5
1978-01-11	0	2.9	21	5.5
1978-01-12	0	5.2	21.5	4
1978-01-13	0	3	22	4.5
1978-01-14	0	3.3	23	5
1978-01-15	0.5	2.2	23.5	6
1978-01-16	0	2.6	25	3
1978-01-17	0	2.5	27	5
1978-01-18	0	2.7	24	6
1978-01-19	1	2.8	24.5	7
1978-01-20	0	2.4	22	6
1978-01-21	0	2.9	23	5
1978-01-22	0	2.2	24.5	4
1978-01-23	0	2.8	22	4.5
1978-01-24	0	2.3	21.5	3
1978-01-25	0	2.9	23	2.5
1978-01-26	0	2.2	22.5	2
1978-01-27	0	2.6	23	2.5
1978-01-28	0	2.3	24	3.5
1978-01-29	0	2.9	25	3
1978-01-30	0	2.6	24	5
1978-01-31	0	2.4	24.5	5
1978-02-01	0	3.5	25	5
1978-02-02	0	3.1	26	6
1978-02-03	0	2.5	25.5	4
1978-02-04	0	3.6	24	5
1978-02-05	5.5	0.8	28.5	7
1978-02-06	0	2.9	24	6.5
1978-02-07	0	2.2	26	7
1978-02-08	0	1.8	27	4
1978-02-09	0	2.8	25.5	3
1978-02-10	18	1.1	24	3.5
1978-02-11	1	1.3	23.5	4
1978-02-12	0	2.7	24.5	4.5
1978-02-13	1	1.8	24	4
1978-02-14	0	3.2	25	6
1978-02-15	0	2.2	26	5
1978-02-16	0	3.2	25	6
1978-02-17	0	4.7	26	5.5
1978-02-18	0	2.2	25	4.5
1978-02-19	0	3.1	24.5	6
1978-02-20	0	3.7	25	7
1978-02-21	0	2.2	26.5	6
1978-02-22	0	3.9	25	6.5
1978-02-23	0	2.2	24.5	7
1978-02-24	0	2.8	24	8
1978-02-25	0	3	24	10
1978-02-26	4	2.1	26	9
1978-02-27	20	2.6	25	8.5
1978-02-28	20	1.4	24	8
1978-03-01	1	3	26	10
1978-03-02	0	4.4	26	11
1978-03-03	0	4.4	25	12
1978-03-04	0	3.8	26	11
1978-03-05	5	2.8	24	12
1978-03-06	0	2.6	23.5	12
1978-03-07	0.5	3.1	27	12.5
1978-03-08	0	2.3	26	11
1978-03-09	0	3.5	26	10
1978-03-10	0	2.3	25	9
1978-03-11	0	4.1	28	10
1978-03-12	0	3.8	26	12
1978-03-13	0	3.3	25	9
1978-03-14	0	5.4	27	9
1978-03-15	0	4	29	10
1978-03-16	0	4.1	29	11
1978-03-17	0	4	27	11
1978-03-18	0	5.2	26	13
1978-03-19	0	4.9	25	14
1978-03-20	0	5.5	26	13
1978-03-21	0	6.1	25	14
1978-03-22	0	5.8	26	12
1978-03-23	0	6.2	25	11
1978-03-24	0	5.1	27	13
1978-03-25	0	6.5	26	12
1978-03-26	0	5	27	10
1978-03-27	0	6	25	13
1978-03-28	0	6.2	26	12
1978-03-29	0	4.6	25	14
1978-03-30	0	6.2	26	13
1978-03-31	0	5.6	27	12
1978-04-01	0	5.4	26	10
1978-04-02	0	4.1	27	9
1978-04-03	0	4.9	27	6
1978-04-04	0	6.5	29	8
1978-04-05	0	5.6	28	9
1978-04-06	0	7.1	29	11
1978-04-07	0	5.6	30	11
1978-04-08	0	7.7	29	10
1978-04-09	0	4.8	26	11
1978-04-10	0	6.3	29	10
1978-04-11	0	7.7	30	10
1978-04-12	0	6.6	31	12
1978-04-13	0	7.1	28	13
1978-04-14	0	4.5	33	11
1978-04-15	0	6	29	11
1978-04-16	0	5.6	28	9
1978-04-17	0	7.3	30.5	10
1978-04-18	0	9	31	8
1978-04-19	0	6.8	32	13
1978-04-20	0	6.6	30	11
1978-04-21	0	5.9	30	12
1978-04-22	0	7.7	33	8
1978-04-23	0	8	33	9
1978-04-24	0	5.6	32	11
1978-04-25	0	7.6	30	12
1978-04-26	0	8.3	29	12
1978-04-27	0	6.7	32	11
1978-04-28	0	7.7	30	12
1978-04-29	0	7.6	32	14
1978-04-30	0	8.1	34	12
1978-05-01	0	4.9	21	10
1978-05-02	0	6.9	23	7
1978-05-03	0	6.2	27	10
1978-05-04	0	6.2	22	9
1978-05-05	0	5.1	21	15
1978-05-06	0	6.8	23	13
1978-05-07	0	3.8	22	15
1978-05-08	0	6	28	12
1978-05-09	0	7.4	29	14
1978-05-10	0	5.4	23	13
1978-05-11	0	6.4	24	12
1978-05-12	0	6.5	29	13
1978-05-13	0	6.5	26	14
1978-05-14	0	6.1	28	13
1978-05-15	0	6.2	29	15
1978-05-16	0	7.1	28	16
1978-05-17	0	6.1	27	17
1978-05-18	0	6.3	30	14
1978-05-19	0	7.2	31	15
1978-05-20	0	6.5	26	14
1978-05-21	0	6.2	24	13
1978-05-22	0	7	27	14
1978-05-23	0	6.5	29	15
1978-05-24	0	5.6	25	17
1978-05-25	0	5.6	23	13
1978-05-26	0	6.7	24	12
1978-05-27	0	6.8	24	14
1978-05-28	0	6.5	28	13
1978-05-29	0	6.5	30	14
1978-05-30	0	8	28	15
1978-05-31	0	7	27	15
1978-06-01	0	7.1	28	15
1978-06-02	0	9.3	30	17
1978-06-03	0	6.4	29	17.5
1978-06-04	0	6.8	29	16
1978-06-05	0	6.1	28	15
1978-06-06	0	8.1	30	14
1978-06-07	0	4.8	29	16
1978-06-08	0	7.6	30	17
1978-06-09	0	6.8	31	16
1978-06-10	0	6.5	29	18
1978-06-11	0	7.8	29.5	16
1978-06-12	0	9.6	33	17
1978-06-13	0	9.6	31	19
1978-06-14	0	8.7	35	18.5
1978-06-15	0	8.1	32	19.5
1978-06-16	0	9.4	33	17
1978-06-17	0	9.8	34.5	18.5
1978-06-18	0	9.9	36	20
1978-06-19	0	10.7	35	21.5
1978-06-20	0	9.5	34	21
1978-06-21	0	8.2	32	20.5
1978-06-22	0	9.6	35.5	19
1978-06-23	0	8.6	37	22
1978-06-24	0	10.3	34.5	23
1978-06-25	0	7.2	33	20
1978-06-26	0	6.9	32	20.5
1978-06-27	0	6.8	32	19
1978-06-28	0	6.3	30.5	17
1978-06-29	0	7	31	16
1978-06-30	0	6.2	29.5	17
1978-07-01	0	12.4	24	16
1978-07-02	0	8.8	22	16
1978-07-03	0	7.7	21	13
1978-07-04	0	9.8	29	16
1978-07-05	0	4.2	23	16
1978-07-06	0	11.9	22	14
1978-07-07	0	9.6	35	16
1978-07-08	0	8.1	31	17
1978-07-09	0	6.4	32	15
1978-07-10	0	10.9	32	18
1978-07-11	0	8.5	27	16
1978-07-12	0	8.3	30	16
1978-07-13	0	6.6	36	15
1978-07-14	0	9.9	33	16
1978-07-15	0	7.4	39	19
1978-07-16	0	9.7	37	21
1978-07-17	0	9.5	37	19
1978-07-18	0	10.9	31	19
1978-07-19	0	8.9	31	18
1978-07-20	0	7.6	33	18
1978-07-21	0	5.3	38	18
1978-07-22	0	6.9	31	22
1978-07-23	0	11.3	34	20
1978-07-24	0	10.2	36	19
1978-07-25	0	9.2	36	19
1978-07-26	0	9.9	37	18
1978-07-27	0	9.2	34	18
1978-07-28	0	8.5	33	19
1978-07-29	2	6.6	30	19
1978-07-30	0	4.4	29	18
1978-07-31	0	6.1	32	18
1978-08-01	0	8.1	33	20
1978-08-02	0	5.8	33	20
1978-08-03	0	6.3	29	20
1978-08-04	0	8.7	34	19
1978-08-05	0	7.9	32	20
1978-08-06	0	7.5	36	20
1978-08-07	0	9.7	32	18
1978-08-08	0	7.6	31	18
1978-08-09	0	8	36	19
1978-08-10	0	7.7	36	19
1978-08-11	0	8.9	32	18
1978-08-12	0	4.2	32	19
1978-08-13	0	4.6	34	20
1978-08-14	0	8.5	32	22
1978-08-15	0	9.4	34	19
1978-08-16	0	8.2	30	20
1978-08-17	0	8.4	30	20
1978-08-18	0	8	30	19
1978-08-19	0	9.3	31	18
1978-08-20	0	9.3	36	19
1978-08-21	0	8	32	17
1978-08-22	0	7.3	29	18
1978-08-23	0	8.8	32	18
1978-08-24	0	10.9	30	16
1978-08-25	0	7.8	31	17
1978-08-26	0	7.6	28	17
1978-08-27	0	7.4	29	17
1978-08-28	0	5.1	32	14
1978-08-29	0	9.1	32	16
1978-08-30	0	8.8	32	17
1978-08-31	0	6.4	31	18
1978-09-01	0	6.3	34	18
1978-09-02	0	7.3	31	16
1978-09-03	0	3.2	33	19
1978-09-04	0	8.5	34	18
1978-09-05	0	7.2	32	20
1978-09-06	0	6.2	29	18
1978-09-07	0	6.8	25	18
1978-09-08	0	6.2	27	17
1978-09-09	0	7.7	23	14
1978-09-10	0	6.2	25	15
1978-09-11	0	8.2	29	18
1978-09-12	0	5.9	25	13
1978-09-13	0	4.2	29	18
1978-09-14	0	4.2	25	12
1978-09-15	0	4.7	26	11
1978-09-16	0	5.8	25	11
1978-09-17	0	5.6	24	14
1978-09-18	0	6.1	23	15
1978-09-19	0	5.8	27	10
1978-09-20	0	7.9	29	13
1978-09-21	0	7.9	30	11
1978-09-22	0	7.7	34	9
1978-09-23	0	6.6	37	10
1978-09-24	0	9.2	36	16
1978-09-25	0	7.9	35	19
1978-09-26	0	5.6	31	16
1978-09-27	0	6.7	32	18
1978-09-28	7.6	5.5	30	19
1978-09-29	0	3.1	30	20
1978-09-30	0	7	34	19
1978-10-01	0	6.2	33	19
1978-10-02	0	6.6	32	18
1978-10-03	0	7.4	33	19
1978-10-04	0	4.5	32	17
1978-10-05	0	5	32	18
1978-10-06	0	6.4	27	20
1978-10-07	0	5.4	32	18
1978-10-08	0	5.1	34	19
1978-10-09	0	4.9	33	16
1978-10-10	0	5.5	30	19
1978-10-11	0	4.2	29	18
1978-10-12	0	4.7	30	19
1978-10-13	0	2.8	29	18
1978-10-14	0	6.9	35	17
1978-10-15	0	5.8	39	16
1978-10-16	0	5.1	33	13
1978-10-17	0	4.3	26	16
1978-10-18	0	5.8	32	15
1978-10-19	0	6	31	16
1978-10-20	16	3.8	32	19
1978-10-21	0	5.2	31	18
1978-10-22	0	1.7	31	18
1978-10-23	0	2	30	14
1978-10-24	0	2.2	28	14
1978-10-25	0	3.8	26	13
1978-10-26	0	5.7	25	14
1978-10-27	0	4.4	26	13
1978-10-28	0	4	32	13
1978-10-29	0	4.4	28	12
1978-10-30	0	3.6	27	16
1978-10-31	0	5.6	28	16
1978-11-01	0	4.7	22	14
1978-11-02	0	3.7	21	13
1978-11-03	0	4.1	19	9
1978-11-04	0	5.5	23	10
1978-11-05	0	NULO	24	14
1978-11-06	0	NULO	28	13
1978-11-07	0	NULO	30	12
1978-11-08	0	NULO	32	11
1978-11-09	0	NULO	30	15
1978-11-10	0	NULO	28	10
1978-11-11	0	NULO	24	9
1978-11-12	0	NULO	24	10
1978-11-13	0	NULO	21	11
1978-11-14	0	NULO	22	4
1978-11-15	0	NULO	22	6
1978-11-16	0	NULO	23	4
1978-11-17	0	NULO	25	3
1978-11-18	0	NULO	25	8
1978-11-19	0	NULO	26	5
1978-11-20	0	NULO	24	3
1978-11-21	0	NULO	22	4
1978-11-22	0	NULO	21	5
1978-11-23	0	NULO	21	6
1978-11-24	25	NULO	25	5
1978-11-25	0	NULO	17	7
1978-11-26	0	NULO	18	6
1978-11-27	0	NULO	18	4
1978-11-28	0	NULO	19	7
1978-11-29	0	NULO	18	4
1978-11-30	0	NULO	18	5
1978-12-01	0	NULO	22	6
1978-12-02	0	NULO	25	6
1978-12-03	0	NULO	21	4
1978-12-04	0	NULO	20	9
1978-12-05	0	NULO	21	6
1978-12-06	0	NULO	20	7
1978-12-07	0	NULO	17	6
1978-12-08	0	NULO	19	4
1978-12-09	0	NULO	17	7
1978-12-10	0	NULO	21	2
1978-12-11	0	NULO	21	2
1978-12-12	0	NULO	21	1
1978-12-13	0	NULO	21	4
1978-12-14	0	NULO	20	8
1978-12-15	0	NULO	25	6
1978-12-16	2	NULO	20	8
1978-12-17	5	NULO	21	10
1978-12-18	23	NULO	16.1	6
1978-12-19	0	NULO	17	10
1978-12-20	0	NULO	17	5
1978-12-21	0	NULO	16	4
1978-12-22	0	NULO	18	5
1978-12-23	0	NULO	16	6
1978-12-24	0	NULO	16	8
1978-12-25	0	NULO	20	9
1978-12-26	0	NULO	23	9
1978-12-27	0	NULO	22	7
1978-12-28	0	NULO	21	9
1978-12-29	10	NULO	20	10
1978-12-30	7.8	NULO	20	8
1978-12-31	0	NULO	19	4
1979-01-01	0	NULO	17	5
1979-01-02	0	NULO	20	6
1979-01-03	0	NULO	18	5
1979-01-04	0	NULO	20	3
1979-01-05	0	NULO	23	4
1979-01-06	0	NULO	24	5
1979-01-07	0	NULO	20	6
1979-01-08	0	NULO	22	8
1979-01-09	0	NULO	16	9
1979-01-10	0	NULO	21	8
1979-01-11	0	NULO	21	5
1979-01-12	0	NULO	17	4
1979-01-13	0	NULO	20	6
1979-01-14	0	NULO	23	4
1979-01-15	0	NULO	20	3
1979-01-16	3	NULO	18	4
1979-01-17	4	NULO	15	7
1979-01-18	0	NULO	17	6
1979-01-19	0	NULO	16	6
1979-01-20	0	NULO	16	7
1979-01-21	0	NULO	15	4
1979-01-22	0	NULO	17	3
1979-01-23	3	NULO	17	7
1979-01-24	8	NULO	17	4
1979-01-25	0	NULO	17	5
1979-01-26	0	NULO	18	3
1979-01-27	0	NULO	16	5
1979-01-28	0	NULO	14	3
1979-01-29	0	NULO	16	2
1979-01-30	0	NULO	15	1
1979-01-31	0	NULO	16	2
1979-02-01	0	NULO	17	2
1979-02-02	0	NULO	16	4
1979-02-03	1	NULO	12	6
1979-02-04	0.5	NULO	14	5
1979-02-05	0	NULO	16	7
1979-02-06	0	NULO	16	6
1979-02-07	0	NULO	18	5
1979-02-08	0	NULO	20	6
1979-02-09	0	NULO	20	8
1979-02-10	0	NULO	23	9
1979-02-11	0	NULO	25	10
1979-02-12	0	NULO	20	9
1979-02-13	0	NULO	22	10
1979-02-14	0	NULO	20	9
1979-02-15	0	NULO	26	6
1979-02-16	0	NULO	22	10
1979-02-17	0	NULO	21	8
1979-02-18	0	NULO	22	9
1979-02-19	0	NULO	20	7
1979-02-20	0	NULO	18	5
1979-02-21	0	NULO	20	5
1979-02-22	0	NULO	17	4
1979-02-23	0	NULO	18	6
1979-02-24	0	NULO	16	5
1979-02-25	0	NULO	19	6
1979-02-26	0	NULO	17	9
1979-02-27	0	NULO	18	5
1979-02-28	0	NULO	17	6
1979-03-01	0	NULO	20	6
1979-03-02	0	NULO	18	7
1979-03-03	0	NULO	20	8
1979-03-04	0	NULO	17	9
1979-03-05	0	NULO	20	10
1979-03-06	0	NULO	18	11
1979-03-07	0	NULO	20	9
1979-03-08	0	NULO	30	10
1979-03-09	0	1.9	26	10
1979-03-10	0	5.2	25	4
1979-03-11	0	4.8	27	4
1979-03-12	0	4.7	23	3
1979-03-13	0	5.1	22	5
1979-03-14	0	5.6	22	10
1979-03-15	0	5	20	7
1979-03-16	0	4.9	21	7
1979-03-17	0	4.6	18	7
1979-03-18	0	6.4	19	9
1979-03-19	0	4.1	22	8
1979-03-20	3	NULO	16	10
1979-03-21	0	NULO	21	7
1979-03-22	0	NULO	20	8
1979-03-23	0	NULO	20	4
1979-03-24	0	NULO	21	6
1979-03-25	0	NULO	25	4
1979-03-26	0	NULO	24	9
1979-03-27	0	NULO	28	8
1979-03-28	0	NULO	25	11
1979-03-29	0	NULO	21	8
1979-03-30	0	NULO	23	5
1979-03-31	0	NULO	24	5
1979-04-01	0	NULO	21	6
1979-04-02	0	NULO	16	9
1979-04-03	0	NULO	23	7
1979-04-04	0	NULO	17	5
1979-04-05	0	NULO	24	5
1979-04-06	0	NULO	27	5
1979-04-07	0	NULO	22	12
1979-04-08	0	NULO	20	10
1979-04-09	0	NULO	19	9
1979-04-10	0	NULO	18	13
1979-04-11	0	NULO	22	10
1979-04-12	0	NULO	23	10
1979-04-13	0	NULO	24	8
1979-04-14	0	NULO	33	7
1979-04-15	0	NULO	32	13
1979-04-16	0	NULO	25	11
1979-04-17	0	NULO	22	12
1979-04-18	0	NULO	22	12
1979-04-19	0	NULO	25	9
1979-04-20	0	NULO	25	10
1979-04-21	0	NULO	28	10
1979-04-22	0	NULO	24	10
1979-04-23	0	NULO	20	12
1979-04-24	0	NULO	24	13
1979-04-25	0	NULO	33	14
1979-04-26	0	6.6	28	12
1979-04-27	0	7	29	13
1979-04-28	0	6.1	25	11
1979-04-29	0	7	25	14
1979-04-30	0	5.9	27	14
1979-05-01	0	3.7	23	12
1979-05-02	0	4.8	21	13
1979-05-03	0	5.3	23	12
1979-05-04	0	4.2	24	11
1979-05-05	0	3.8	22	4
1979-05-06	0	7.7	21	10
1979-05-07	0	4.8	22	11
1979-05-08	0	6.4	20	13
1979-05-09	0	5.1	19	9
1979-05-10	0	6.6	28	7
1979-05-11	0	7.1	29	6
1979-05-12	0	5.6	35	9
1979-05-13	0	6.8	38	9
1979-05-14	0	9	35	10
1979-05-15	0	8.3	31	11
1979-05-16	0	6.7	26	14
1979-05-17	0	5.1	27	9
1979-05-18	0	5.2	23	7
1979-05-19	0	6.5	20	10
1979-05-20	0	8.7	25	11
1979-05-21	0	5.3	28	14
1979-05-22	0	9	29	14
1979-05-23	0	5.3	30	15
1979-05-24	0	5.5	27	15
1979-05-25	0	7.2	29	16
1979-05-26	0	7.2	28	15
1979-05-27	0	10	29	14
1979-05-28	0	6.4	28	11
1979-05-29	0	7.1	21	11
1979-05-30	0	10.7	26	13
1979-05-31	0	9.6	27	11
1979-06-01	0	7.1	23	10
1979-06-02	0	7.9	22	11
1979-06-03	0	NULO	25	10
1979-06-04	0	NULO	27	12
1979-06-05	0	NULO	26	11
1979-06-06	0	NULO	31	12
1979-06-07	0	NULO	30	11
1979-06-08	0	NULO	31	12
1979-06-09	0	NULO	34	11
1979-06-10	0	NULO	32	12
1979-06-11	0	NULO	42	15
1979-06-12	0	NULO	41	17
1979-06-13	0	NULO	43	17
1979-06-14	0	NULO	36	18
1979-06-15	0	NULO	33	15
1979-06-16	0	10.2	29	18
1979-06-17	0	10.3	25	16
1979-06-18	0	8.9	26	15
1979-06-19	0	7.7	28	10
1979-06-20	0	10.4	31	13
1979-06-21	0	10	27	15
1979-06-22	0	7.7	28	16
1979-06-23	0	8.1	28	16
1979-06-24	0	9.8	26	16
1979-06-25	0	7.8	27	15
1979-06-26	0	9.5	32	17
1979-06-27	0	9.8	30	17
1979-06-28	0	10.3	27	15
1979-06-29	0	6.5	32	15
1979-06-30	0	6.3	39	17
1979-07-01	0	4.9	27	18
1979-07-02	0	8	28	17
1979-07-03	0	9.9	29	16
1979-07-04	0	10.4	28	14
1979-07-05	0	10.8	30	16
1979-07-06	0	7.8	30	16
1979-07-07	0	9.4	30	16
1979-07-08	0	10.1	34	15
1979-07-09	0	7.7	34	17
1979-07-10	0	3.8	35	19
1979-07-11	0	4.6	31	16
1979-07-12	0	8.6	32	16
1979-07-13	0	7.6	33	16
1979-07-14	0	10.8	35	14
1979-07-15	0	8.1	31	14
1979-07-16	0	12.1	42	18
1979-07-17	0	10	36	21
1979-07-18	0	5.6	35	19
1979-07-19	0	12.5	37	17
1979-07-20	0	9.2	37	19
1979-07-21	0	11.6	36	15
1979-07-22	0	10.6	33	11
1979-07-23	0	6.9	31	16
1979-07-24	0	6.2	31	19
1979-07-25	0	6.5	32	18
1979-07-26	0	5	33	12
1979-07-27	0	3.3	36	12
1979-07-28	0	4.1	37	18
1979-07-29	0	5.8	40	17
1979-07-30	10	6	35	12
1979-07-31	0	2.5	34	11
1980-01-01	0	3.1	25	10
1980-01-02	0	3.6	25	7
1980-01-03	0	4.2	29	5
1980-01-04	0	3.6	24	0
1980-01-05	0	2.5	27	1
1980-01-06	0	2.8	20	8
1980-01-07	0	3.2	21	9
1980-01-08	0	4.7	22	10
1980-01-09	13	3	19	11
1980-01-10	0	4.3	25	12
1980-01-11	0	4.7	27	11
1980-01-12	0	4	27	8
1980-01-13	0	4	25	8
1980-01-14	0	3.8	20	5
1980-01-15	0	3.5	24	9
1980-01-16	0	4.1	21	8
1980-01-17	0	3.9	22	10
1980-01-18	0	2.8	23	10
1980-01-19	0	2.2	17	9
1980-01-20	0	3.4	20	4
1980-01-21	0	4.1	17	6
1980-01-22	0	4	21	5
1980-01-23	0	1.1	22	6
1980-01-24	0	2.7	25	5
1980-01-25	0	3.1	23	5
1980-01-26	0	4.4	22	6
1980-01-27	0	3.9	20	6
1980-01-28	0	3.9	21	7
1980-01-29	0	1.9	20	9
1980-01-30	0	1.7	19	11
1980-01-31	0	2.4	23	10
1980-02-01	0	1.8	23	11
1980-02-02	0	4.9	27	12
1980-02-03	0	5.7	29	10
1980-02-04	0	2.8	30	8
1980-02-05	0	5.5	29	9
1980-02-06	0	4.8	27	12
1980-02-07	0	5	24	13
1980-02-08	0	5	22	9
1980-02-09	0	7.8	20	10
1980-02-10	0	4.1	18	4
1980-02-11	0	3.6	13	6
1980-02-12	0	2.9	23	2
1980-02-13	3	2.6	24	3
1980-02-14	0	5	24	10
1980-02-15	0	5.1	23	12
1980-02-16	0	4.9	22	13
1980-02-17	0	3	25	13
1980-02-18	0	2.3	26	16
1980-02-19	0	3.9	27	14
1980-02-20	0	6.8	25	15
1980-02-21	0	4.6	20	15
1980-02-22	0	5.7	23	8
1980-02-23	0	5.1	22	11
1980-02-24	0	6.2	24	8
1980-02-25	0	7.4	28	9
1980-02-26	0	7.1	29	6
1980-02-27	0	5.3	31	5
1980-02-28	0	6.3	31	6
1980-02-29	0	3.3	27	9
1980-03-01	0	NULO	24	11
1980-03-02	0	NULO	22	11
1980-03-03	0	NULO	23	8
1980-03-04	0	NULO	22	7
1980-03-05	0	NULO	25	5
1980-03-06	0	NULO	21	7
1980-03-07	0	NULO	18	9
1980-03-08	0	NULO	21	7
1980-03-09	0	NULO	24	10
1980-03-10	0	NULO	27	13
1980-03-11	0	NULO	23	10
1980-03-12	0	3.8	23	10
1980-03-13	0	7.5	24	10
1980-03-14	0	3.3	20	8
1980-03-15	0	5	24	10
1980-03-16	0	7.6	19	7
1980-03-17	0	8.4	16	7
1980-03-18	0	4.4	18	5
1980-03-19	0	6.2	20	7
1980-03-20	0	5.4	21	6
1980-03-21	0	5.4	23	6
1980-03-22	0	5.1	18	9
1980-03-23	0	5.2	22	4
1980-03-24	0	7.1	21	7
1980-03-25	0	5.4	19	8
1980-03-26	0	3.7	20	8
1980-03-27	0	5.8	22	3
1980-03-28	0	5.4	22	5
1980-03-29	0	6.5	23	5
1980-03-30	0	5.2	22	6
1980-03-31	0	6.7	23	10
1980-04-01	0	6	22	9
1980-04-02	0	7.1	27	6
1980-04-03	0	5.5	31	8
1980-04-04	0	4	25	8
1980-04-05	0	4.7	25	9
1980-04-06	0	5.9	24	12
1980-04-07	0	10.2	21	11
1980-04-08	0	9.8	24	9
1980-04-09	0	10.1	24	8
1980-04-10	0	7.6	24	9
1980-04-11	0	6.7	23	12
1980-04-12	0	5.6	22.1	9
1980-04-13	0	6.3	23	8
1980-04-14	0	4.8	23	7
1980-04-15	0	3.4	31	9
1980-04-16	0	8.3	27	11
1980-04-17	0	9.7	32	13
1980-04-18	0	9.9	31	11
1980-04-19	0	8.1	30	12
1980-04-20	0	5.6	30	13
1980-04-21	0	4.7	32	12
1980-04-22	0	5.8	31	11
1980-04-23	0	5.5	30	8
1980-04-24	0	3	26	9
1980-04-25	0	3	24	11
1980-04-26	0	2.5	22	8
1980-04-27	0	4.5	23	10
1980-04-28	0	4.4	28	9
1980-04-29	0	4	25	11
1980-04-30	0	2.7	30	11
1980-05-01	0	4.5	20	9
1980-05-02	0	8.5	24	10
1980-05-03	0	8.4	24	11
1980-05-04	0	9.4	26	12
1980-05-05	0	5.8	25	10
1980-05-06	0	8.7	20	13
1980-05-07	0	7.9	26	13
1980-05-08	0	NULO	25	12
1980-05-09	0	NULO	24	10
1980-05-10	0	NULO	28	14
1980-05-11	0	NULO	27	10
1980-05-12	0	NULO	24	7
1980-05-13	0	NULO	25	10
1980-05-14	0	NULO	28	13
1980-05-15	0	NULO	24	14
1980-05-16	0	NULO	26	11
1980-05-17	0	NULO	25	11
1980-05-18	0	NULO	29	13
1980-05-19	0	NULO	25	13
1980-05-20	0	NULO	22	8
1980-05-21	0	NULO	20	7
1980-05-22	0	NULO	25	11
1980-05-23	0	NULO	29	9
1980-05-24	0	NULO	29	8
1980-05-25	0	NULO	21	8
1980-05-26	0	NULO	20	5
1980-05-27	0	NULO	22	5
1980-05-28	0	NULO	27	6
1980-05-29	0	NULO	24	8
1980-05-30	0	NULO	26	8
1980-05-31	0	NULO	24	6
1980-06-01	0	NULO	24	6
1980-06-02	0	NULO	25	11
1980-06-03	0	NULO	27	10
1980-06-04	0	NULO	29	13
1980-06-05	0	NULO	21	14
1980-06-06	0	NULO	20	11
1980-06-07	0	NULO	20	9
1980-06-08	0	NULO	22	9
1980-06-09	0	NULO	26	13
1980-06-10	0	NULO	26	13
1980-06-11	0	NULO	24	14
1980-06-12	0	NULO	25	15
1980-06-13	0	NULO	23	14
1980-06-14	0	NULO	26	13
1980-06-15	0	NULO	24	11
1980-06-16	0	NULO	27	11
1980-06-17	0	NULO	34	14
1980-06-18	0	NULO	37	17
1980-06-19	0	NULO	33	12
1980-06-20	0	NULO	31	15
1980-06-21	0	NULO	27	15
1980-06-22	0	NULO	33	15
1980-06-23	0	NULO	29	14
1980-06-24	0	NULO	29	15
1980-06-25	0	NULO	28	13
1980-06-26	0	NULO	29	13
1980-06-27	0	NULO	30	16
1980-06-28	0	NULO	34	19
1980-06-29	0	NULO	34	20
1980-06-30	0	NULO	32	20
1980-07-01	0	NULO	25	20
1980-07-02	0	9.4	24	19
1980-07-03	0	9	34	16
1980-07-04	0	9.7	22	16
1980-07-05	0	9.1	27	15
1980-07-06	0	7.4	33	17
1980-07-07	0	7.1	25	15
1980-07-08	0	7.3	25	14
1980-07-09	0	6.7	23	16
1980-07-10	0	7.1	33	16
1980-07-11	0	6.2	39	19
1980-07-12	0	8.2	40	20
1980-07-13	0	9.5	33	19
1980-07-14	0	8.4	27	17
1980-07-15	0	8.1	30	14
1980-07-16	0	9.4	38	13
1980-07-17	0	10.7	40	17
1980-07-18	0	9.2	38	16
1980-07-19	0	7.9	34	17
1980-07-20	0	7.7	29	15
1980-07-21	0	7.7	34	14
1980-07-22	0	6.7	29	18
1980-07-23	0	7.5	31	16
1980-07-24	0	8	27	18
1980-07-25	0	7.3	33	16
1980-07-26	0	7.7	30	18
1980-07-27	0	9.2	35	16
1980-07-28	0	9.4	37	19
1980-07-29	6	5.4	33	21
1980-07-30	11	5.7	36	23
1980-07-31	0	8.1	34	23
1980-08-01	0	5.8	30	21
1980-08-02	0	9.3	33	20
1980-08-03	0	8	32	19
1980-08-04	0	8.1	36	18
1980-08-05	0	6.9	31	19
1980-08-06	0	7.1	31	18
1980-08-07	0	6.9	30	19
1980-08-08	0	8.1	33	17
1980-08-09	0	9.7	38	19
1980-08-10	0	10.1	37	20
1980-08-11	0	11.2	38	21
1980-08-12	0	10.7	38	21
1980-08-13	0	9.6	37	21
1980-08-14	0	9	37	24
1980-08-15	0	7.8	33	23
1980-08-16	0	6.3	30	21
1980-08-17	0	5.9	28	20
1980-08-18	0	7.4	30	19
1980-08-19	0	6.6	29	20
1980-08-20	0	5.5	30	21
1980-08-21	0	8.9	33	16
1980-08-22	0	8.2	32	16
1980-08-23	NULO	NULO	NULO	NULO
1980-10-02	0	NULO	32	11
1980-10-03	0	NULO	34	16
1980-10-04	0	NULO	33	17
1980-10-05	0	NULO	32	17
1980-10-06	0	NULO	31	16
1980-10-07	0	NULO	30	16
1980-10-08	0	NULO	31	17
1980-10-09	0	NULO	29	17
1980-10-10	0	NULO	30	13
1980-10-11	0	NULO	35	14
1980-10-12	0	NULO	29	17
1980-10-13	0	NULO	30	18
1980-10-14	0	NULO	24	15
1980-10-15	0	NULO	21	12
1980-10-16	0	NULO	22	6
1980-10-17	0	NULO	23	9
1980-10-18	0	NULO	30	8
1980-10-19	0	NULO	31	11
1980-10-20	0	NULO	30	8
1980-10-21	0	NULO	30	9
1980-10-22	0	NULO	34	9
1980-10-23	0	NULO	30	9
1980-10-24	0	NULO	32	10
1980-10-25	0	NULO	30	11
1980-10-26	0	NULO	28	12
1980-10-27	0	NULO	24	10
1980-10-28	0	NULO	28	10
1980-10-29	0	NULO	29	8
1980-10-30	0	NULO	33	10
1980-10-31	0	NULO	31	11
1981-01-01	0	4.9	26	8
1981-01-02	0	0.9	26	12
1981-01-03	0	1	24	13
1981-01-04	0	3.6	22	10
1981-01-05	0	2	24	9
1981-01-06	8	0.4	23	11
1981-01-07	0	5	24	12
1981-01-08	0	5.2	23	12
1981-01-09	0	1.9	23	12
1981-01-10	0	2.4	25	11
1981-01-11	12	1.4	23	11
1981-01-12	5	1.8	24	10
1981-01-13	0	1.3	23	11
1981-01-14	0	3.3	23	10
1981-01-15	0	2	22	11
1981-01-16	0	1.9	24	11
1981-01-17	0	4.6	25	12
1981-01-18	0	2.4	24	11
1981-01-19	0	3.9	24	12
1981-01-20	0	4	24	9
1981-01-21	0	4.6	26	7
1981-01-22	0	7	26	7
1981-01-23	0	3.7	27	4
1981-01-24	0	2.1	21	5
1981-01-25	0	2.2	16	7
1981-01-26	0	3.2	21	7
1981-01-27	0	2	25	5
1981-01-28	0	3.3	20	6
1981-01-29	0	3	21	5
1981-01-30	0	6.7	19	8
1981-01-31	0	5.6	19	7
1981-02-01	0	2.7	21	1
1981-02-02	0	4.7	21	5
1981-02-03	0	0.4	23	3
1981-02-04	0	4.6	21	4
1981-02-05	0	3.2	25	7
1981-02-06	0	2.1	22	9
1981-02-07	0	4.2	21	9
1981-02-08	0	4.5	26	9
1981-02-09	0	3.9	22	9
1981-02-10	0	3.6	20	10
1981-02-11	0	6.8	26	10
1981-02-12	0	7.1	31	10
1981-02-13	0	6.3	31	6
1981-02-14	0	5.6	32	6
1981-02-15	0	6.2	34	7
1981-02-16	0	6.4	29	10
1981-02-17	0	4.4	32	7
1981-02-18	0	6.5	32	7
1981-02-19	0	6.2	32	7
1981-02-20	0	3	32	8
1981-02-21	0	1.8	30	9
1981-02-22	0	6.3	31	6
1981-02-23	0	5.4	31	8
1981-02-24	0	9.8	24	8
1981-02-25	0	2.3	21	9
1981-02-26	2.5	3.9	19	10
1981-02-27	0	1.1	22	11
1981-02-28	0	5.3	26	6
1981-03-01	0	4.4	27	7
1981-03-02	NULO	NULO	NULO	NULO
1981-03-12	0	0.7	21	11
1981-03-13	0	7.4	21	9
1981-03-14	0	6.2	21	9
1981-03-15	0	2.2	25	9
1981-03-16	0	7.1	28	7
1981-03-17	0	5.7	28	10
1981-03-18	0	7	26	10
1981-03-19	0	6.2	25	6
1981-03-20	0	4.3	25	9
1981-03-21	0	10.9	23	11
1981-03-22	0	6	30	8
1981-03-23	0	7.5	29	7
1981-03-24	0	6.9	27	13
1981-03-25	0	5.7	30	13
1981-03-26	0	0.6	22	10
1981-03-27	0	3.5	20	9
1981-03-28	0	10	21	6
1981-03-29	0	5.2	23	4
1981-03-30	0	8.6	22	5
1981-03-31	0	6	26	9
1981-04-01	0	6.5	26	10
1981-04-02	0	8.1	23	13
1981-04-03	0	7.4	21	7
1981-04-04	0	13.1	30	5
1981-04-05	0	7.4	36	10
1981-04-06	0	NULO	36	9
1981-04-07	0	NULO	27	13
1981-04-08	0	NULO	21	12
1981-04-09	0	NULO	27	11
1981-04-10	0	NULO	27	6
1981-04-11	0	NULO	25	6
1981-04-12	0	NULO	27	14
1981-04-13	0	NULO	25	11
1981-04-14	0	NULO	26	11
1981-04-15	0	NULO	25	12
1981-04-16	0	NULO	27	9
1981-04-17	0	NULO	25	13
1981-04-18	0	NULO	22	9
1981-04-19	0	NULO	24	10
1981-04-20	0	NULO	22	7
1981-04-21	0	NULO	22	7
1981-04-22	0	NULO	22	8
1981-04-23	0	NULO	27	11
1981-04-24	0	NULO	28	12
1981-04-25	0	NULO	27	13
1981-04-26	0	NULO	26	12
1981-04-27	0	NULO	26	9
1981-04-28	0	NULO	27	9
1981-04-29	0	NULO	24	14
1981-04-30	0	NULO	26	9
1981-05-01	0	NULO	29	11
1981-05-02	0	NULO	27	16
1981-05-03	0	NULO	25	16
1981-05-04	0	NULO	22	12
1981-05-05	0	NULO	24	13
1981-05-06	0	NULO	24	12
1981-05-07	0	8	27	10
1981-05-08	0	8	27	14
1981-05-09	0	8.3	32	12
1981-05-10	0	7.3	33	14
1981-05-11	0	8.8	32	11
1981-05-12	0	6.6	29	15
1981-05-13	0	10.4	26	15
1981-05-14	0	4.4	22	15
1981-05-15	0	9.2	23	15
1981-05-16	0	7.2	22	14
1981-05-17	0	5.2	25	11
1981-05-18	0	7.8	31	12
1981-05-19	0	9.8	27	13
1981-05-20	0	10.4	24	14
1981-05-21	0	8.1	24	11
1981-05-22	0	9.2	25	10
1981-05-23	0	9.3	25	12
1981-05-24	0	7.4	29	11
1981-05-25	0	9.8	30	12
1981-05-26	0	7.9	30	13
1981-05-27	0	7.9	28	17
1981-05-28	0	8.8	24	17
1981-05-29	0	6.3	23	14
1981-05-30	0	8.2	23	15
1981-05-31	0	9.4	26	16
1981-06-01	0	8.4	26	11
1981-06-02	0	10	27	14
1981-06-03	0	8.1	26	15
1981-06-04	0	8.4	32	13
1981-06-05	0	5.2	32	16
1981-06-06	0	2.7	30	14
1981-06-07	0	10.4	28	16
1981-06-08	0	5.3	29	16
1981-06-09	0	4.5	29	16
1981-06-10	0	6.8	30	16
1981-06-11	0	4.3	28	17
1981-06-12	0	6.5	23	15
1981-06-13	0	9.2	26	16
1981-06-14	0	7.4	31	15
1981-06-15	0	9.5	35	12
1981-06-16	0	8.8	30	12
1981-06-17	0	6.5	39	13
1981-06-18	0	8.6	39	12
1981-06-19	0	8.8	40	11
1981-06-20	0	10.8	35	12
1981-06-21	0	13.9	33	18
1981-06-22	0	10.7	33	19
1981-06-23	0	6.8	33	18
1981-06-24	0	5.7	37	16
1981-06-25	0	11.5	33	18
1981-06-26	0	10.3	33	19
1981-06-27	0	11	32	18
1981-06-28	0	5.8	33	18
1981-06-29	0	10.9	31	18
1981-06-30	0	8.9	34	18
1981-07-01	0	6.6	38	19
1981-07-02	0	5.9	37	17
1981-07-03	0	10.4	41	20
1981-07-04	0	8.4	39	22
1981-07-05	0	9.8	36	21
1981-07-06	0	10.3	31	20
1981-07-07	0	4.6	33	20
1981-07-08	0	5.8	34	19
1981-07-09	0	3.9	33	19
1981-07-10	0	3.1	32	20
1981-07-11	0	8.5	36	20
1981-07-12	0	9.9	38	19
1981-07-13	0	10.6	38	18
1981-07-14	0	7.6	37	20
1981-07-15	0	8.3	35	20
1981-07-16	0	8.6	33	20
1981-07-17	0	8.9	33	21
1981-07-18	0	9.4	37	21
1981-07-19	0	11.1	39	20
1981-07-20	0	12.5	38	20
1981-07-21	0	11.8	31	19
1981-07-22	0	12.2	31	19
1981-07-23	0	9.2	32	18
1981-07-24	0	8.4	34	19
1981-07-25	0	11.6	32	19
1981-07-26	0	11.6	35	17
1981-07-27	0	10.3	34	19
1981-07-28	0	10.7	33	19
1981-07-29	0	10.3	33	20
1981-07-30	0	8.1	31	19
1981-07-31	0	11.2	32	19
1981-08-01	0	7.1	34	18
1981-08-02	0	7.5	34	20
1981-08-03	0	11.3	32	19
1981-08-04	0	7	31	19
1981-08-05	0	10.5	33	17
1981-08-06	0	10.3	37	17
1981-08-07	0	11.2	36	17
1981-08-08	0	8.1	32	18
1981-08-09	0	9.2	36	16
1981-08-10	0	9.2	36	17
1981-08-11	0	9.2	34	17
1981-08-12	0	10	33	19
1981-08-13	0	10.7	34	17
1981-08-14	0	11	31	19
1981-08-15	0	11	29	17
1981-08-16	0	8	38	16
1981-08-17	0	7	40	16
1981-08-18	0	7.8	41	19
1981-08-19	0	10.6	32	18
1981-08-20	0	10.3	33	20
1981-08-21	0	11.1	39	19
1981-08-22	0	11.4	38	19
1981-08-23	0	9.8	33	20
1981-08-24	0	10.4	37	19
1981-08-25	0	9.3	41	20
1981-08-26	0	10.8	38	21
1981-08-27	0	4.7	38	20
1981-08-28	0	7.1	38	21
1981-08-29	0	8.4	37	21
1981-08-30	0	5	37	20
1981-08-31	3	1	39	20
1981-09-01	0	7.2	36	20
1981-09-02	0	8.2	34	20
1981-09-03	0	8.6	31	20
1981-09-04	0	6.8	30	17
1981-09-05	0	8.9	32	19
1981-09-06	0	7.9	32	20
1981-09-07	0	9	34	19
1981-09-08	0	NULO	39	20
1981-09-09	0	NULO	39	21
1981-09-10	0	8.6	36	21
1981-09-11	0	11.1	34	17
1981-09-12	0	7.7	35	18
1981-09-13	0	9.3	33	17
1981-09-14	0	10.4	33	15
1981-09-15	0	8.2	32	13
1981-09-16	0	8.7	33	17
1981-09-17	0	9	34	17
1981-09-18	0	7.2	38	14
1981-09-19	15	7.2	35	18
1981-09-20	0	8.4	37	20
1981-09-21	NULO	NULO	NULO	NULO
1981-10-01	0	NULO	35	10
1981-10-02	0	NULO	35	10
1981-10-03	0	NULO	26	11
1981-10-04	0	6.1	27	13
1981-10-05	0	6.2	26	15
1981-10-06	0	6.9	25	15
1981-10-07	0	7.3	33	15
1981-10-08	0	4.2	28	18
1981-10-09	0	6.6	31	11
1981-10-10	0	6.8	33	13
1981-10-11	0	3.2	31	12
1981-10-12	0	7.1	24	13
1981-10-13	0	5.3	23	11
1981-10-14	0	7.6	22	8
1981-10-15	0	6.1	22	6
1981-10-16	0	5.7	29	6
1981-10-17	0	5.4	32	8
1981-10-18	0	2.5	34	8
1981-10-19	0	6.8	34	9
1981-10-20	0	4.4	28	13
1981-10-21	0	7.9	29	7
1981-10-22	0	5.6	27	13
1981-10-23	0	7.1	32	12
1981-10-24	0	6.9	30	14
1981-10-25	0	5.7	24	10
1981-10-26	0	5.1	26	9
1981-10-27	0	4.6	26	10
1981-10-28	0	4.8	25	13
1981-10-29	0	7.2	23	13
1981-10-30	0	9.3	29	7
1981-10-31	0	6.6	32	10
1981-12-01	0	5.8	26	10
1981-12-02	0	3.9	28	3
1981-12-03	0	2.1	24	2
1981-12-04	0	4	29	4
1981-12-05	0	3.8	29	7
1981-12-06	0	4.4	26	6
1981-12-07	0	2.2	29	11
1981-12-08	0	3	33	8
1981-12-09	0	1.6	30	5
1981-12-10	0	1.6	28	7
1981-12-11	0	2.6	24	10
1981-12-12	0	4.1	22	10
1981-12-13	0	4.3	22	11
1981-12-14	0	4.5	23	9
1981-12-15	0	3.8	24	10
1981-12-16	0	3.9	22	10
1981-12-17	0	3.7	28	9
1981-12-18	0	3.3	27	6
1981-12-19	0	6.3	28	4
1981-12-20	0	2.5	23	3
1981-12-21	0	5.3	18	10
1981-12-22	0	5.6	24	5
1981-12-23	0	6.7	23	2
1981-12-24	0	2.3	20	2
1981-12-25	0	3.6	18	0
1981-12-26	0	3.1	15	1
1981-12-27	0	1.8	19	5
1981-12-28	0	2.9	15	8
1981-12-29	0	2.8	18	7
1981-12-30	0	3.8	18	7
1981-12-31	0	NULO	24	10
1982-01-01	1	NULO	22	11
1982-01-02	0	NULO	22	10
1982-01-03	0	NULO	22	4
1982-01-04	0	NULO	24	0.5
1982-01-05	0	4.3	24	2
1982-01-06	0	1.5	24	2
1982-01-07	0	7.3	26	3
1982-01-08	0	4.7	28	5
1982-01-09	0	4.9	30	5
1982-01-10	22	5.6	31	8
1982-01-11	0	1.8	23	8
1982-01-12	0	2.3	24	9
1982-01-13	0	5	22	8
1982-01-14	0	4.6	25	4
1982-01-15	0	3	24	4
1982-01-16	0	4.8	28	5
1982-01-17	0	3.2	26	4
1982-01-18	0	3.2	22	6
1982-01-19	0	2.1	16	10
1982-01-20	0	2.8	19	11
1982-01-21	0	4.8	19	9
1982-01-22	0	6.9	19	7
1982-01-23	0	6.7	24	2
1982-01-24	0	2.5	20	2
1982-01-25	0	4.6	19	2
1982-01-26	0	5.3	24	2
1982-01-27	0	3.5	30	2
1982-01-28	0	4.9	24	8
1982-01-29	0	3.8	18	9
1982-01-30	0	NULO	22	2
1982-01-31	0	NULO	23	6
1982-05-01	0	NULO	25	10
1982-05-02	0	NULO	28	8
1982-05-03	0	NULO	26	11
1982-05-04	0	NULO	24	9
1982-05-05	0	NULO	24	9
1982-05-06	0	NULO	25	12
1982-05-07	0	NULO	27	10
1982-05-08	0	NULO	25	14
1982-05-09	0	NULO	23	13
1982-05-10	0	NULO	21	13
1982-05-11	0	NULO	23	6
1982-05-12	0	NULO	21	13
1982-05-13	0	NULO	28	6
1982-05-14	0	NULO	20	8
1982-05-15	0	NULO	28	13
1982-05-16	0	NULO	26	8
1982-05-17	0	NULO	30	13
1982-05-18	0	NULO	29	13
1982-05-19	0	NULO	25	14
1982-05-20	0	NULO	25	7
1982-05-21	0	NULO	26	10
1982-05-22	0	NULO	26	9
1982-05-23	0	NULO	27	10
1982-05-24	0	NULO	27	11
1982-05-25	0	NULO	24	13
1982-05-26	0	NULO	26	14
1982-05-27	0	NULO	23	9
1982-05-28	0	NULO	24	9
1982-05-29	0	NULO	25	12
1982-05-30	0	NULO	25	14
1982-05-31	0	NULO	26	14
1982-06-01	0	NULO	22	14
1982-06-02	0	NULO	25	13
1982-06-03	0	NULO	23	14
1982-06-04	0	NULO	24	13
1982-06-05	0	NULO	25	14
1982-06-06	0	NULO	25	14
1982-06-07	0	NULO	24	12
1982-06-08	0	NULO	24	13
1982-06-09	0	NULO	26	13
1982-06-10	0	NULO	25	13
1982-06-11	0	NULO	26	14
1982-06-12	0	NULO	25	13
1982-06-13	0	NULO	24	14
1982-06-14	0	NULO	24	14
1982-06-15	0	NULO	25	14
1982-06-16	0	NULO	25	13
1982-06-17	0	NULO	23	15
1982-06-18	0	NULO	24	15
1982-06-19	0	NULO	26	15
1982-06-20	0	NULO	25	14
1982-06-21	0	NULO	26	14
1982-06-22	0	NULO	24	13
1982-06-23	0	NULO	26	15
1982-06-24	0	NULO	25	15
1982-06-25	0	NULO	24	14
1982-06-26	0	NULO	26	14
1982-06-27	0	NULO	26	14
1982-06-28	0	NULO	26	14
1982-06-29	0	NULO	25	14
1982-06-30	0	NULO	24	15
1982-07-01	0	NULO	29	12
1982-07-02	0	NULO	34	11
1982-07-03	0	NULO	34	14
1982-07-04	0	NULO	35	15
1982-07-05	30	NULO	33	16
1982-07-06	4	NULO	27	16
1982-07-07	0	NULO	32	18
1982-07-08	0	NULO	31	19
1982-07-09	0	NULO	29	16
1982-07-10	0	NULO	29	16
1982-07-11	0	NULO	31	16
1982-07-12	0	NULO	32	16
1982-07-13	0	NULO	32	16
1982-07-14	0	NULO	32	15
1982-07-15	0	NULO	35	16
1982-07-16	0	NULO	32	14
1982-07-17	0	NULO	32	16
1982-07-18	0	NULO	32	16
1982-07-19	0	NULO	38	17
1982-07-20	0	NULO	38	16
1982-07-21	0	NULO	37	17
1982-07-22	0	NULO	34	18
1982-07-23	0	NULO	34	18
1982-07-24	0	NULO	34	17
1982-07-25	0	NULO	34	18
1982-07-26	0	NULO	32	18
1982-07-27	0	NULO	37	18
1982-07-28	0	NULO	37	19
1982-07-29	0	NULO	37	19
1982-07-30	0	NULO	37	19
1982-07-31	0	NULO	36	19
1982-08-01	0	NULO	35	16
1982-08-02	0	NULO	38	15
1982-08-03	0	NULO	38	17
1982-08-04	0	NULO	34	17
1982-08-05	0	NULO	34	19
1982-08-06	0	NULO	35	18
1982-08-07	0	NULO	40	18
1982-08-08	0	NULO	37	15
1982-08-09	0	NULO	37	19
1982-08-10	0	NULO	35	20
1982-08-11	0	NULO	36	20
1982-08-12	0	NULO	30	18
1982-08-13	0	NULO	29	17
1982-08-14	0	NULO	30	17
1982-08-15	0	NULO	32	17
1982-08-16	0	NULO	32	17
1982-08-17	0	NULO	32	16
1982-08-18	0	NULO	33	18
1982-08-19	0	NULO	32	15
1982-08-20	0	NULO	37	18
1982-08-21	0	NULO	38	19
1982-08-22	0	NULO	35	20
1982-08-23	0	NULO	35	20
1982-08-24	0	NULO	37	20
1982-08-25	0	NULO	32	19
1982-08-26	0	NULO	36	18
1982-08-27	0	NULO	33	16
1982-08-28	0	NULO	32	18
1982-08-29	0	NULO	32	19
1982-08-30	0	NULO	32	18
1982-08-31	0	NULO	32	18
1982-09-01	0	NULO	40	22
1982-09-02	0	NULO	42	20
1982-09-03	0	NULO	40	21
1982-09-04	0	NULO	39	22
1982-09-05	0	NULO	39	19
1982-09-06	0	NULO	36	19
1982-09-07	0	NULO	38	19
1982-09-08	0	9.6	36	19
1982-09-09	0	11.1	34	18
1982-09-10	0	8.7	30	19
1982-09-11	0	6.7	28	19
1982-09-12	0	6.8	29	15
1982-09-13	0	6.8	30	11
1982-09-14	0	8.8	31	12
1982-09-15	0	8.2	30	12
1982-09-16	0	8.7	39	15
1982-09-17	0	8	39	18
1982-09-18	0	9.9	37	19
1982-09-19	0	8.5	32	18
1982-09-20	0	8	30	17
1982-09-21	0	10.2	34	18
1982-09-22	0	8	43	16
1982-09-23	0	8.9	42	20
1982-09-24	0	10.4	39	22
1982-09-25	0	6.2	35	22
1982-09-26	0	7.7	31	20
1982-09-27	0	7	35	19
1982-09-28	0	4.7	33	20
1982-09-29	0	3.5	30	17
1982-09-30	0	1.5	30	23
1982-10-01	0	11.1	39	18
1982-10-02	0	8.7	42	20
1982-10-03	0	6.7	46	21
1982-10-04	0	6.8	33	22
1982-10-05	0	6.8	30	15
1982-10-06	0	8.8	28	13
1982-10-07	0	8.2	27	16
1982-10-08	0	8.7	29	12
1982-10-09	0	8	30	13
1982-10-10	0	4.5	34	14
1982-10-11	0	9.6	33	10
1982-10-12	0	8	33	8
1982-10-13	0	7.8	33	6
1982-10-14	0	6.8	35	6
1982-10-15	0	6.5	39	10
1982-10-16	0	6.3	32	16
1982-10-17	0	7.7	32	17
1982-10-18	0	6.2	32	16
1982-10-19	0	6.9	34	17
1982-10-20	0	5.5	35	16
1982-10-21	0	7.6	37	13
1982-10-22	0	NULO	39	20
1982-10-23	0	NULO	32	15
1982-10-24	0	NULO	37	14
1982-10-25	0	NULO	35	11
1982-10-26	0	4.8	36	11
1982-10-27	0	6.5	32	13
1982-10-28	0	8.9	31	10
1982-10-29	0	4.3	32	15
1982-10-30	0	5.3	32	17
1982-10-31	0	4.6	30	16
1982-11-01	0	3.9	28	13
1982-11-02	0	9.4	31	12
1982-11-03	0	9.6	31	12
1982-11-04	0	9.6	30	8
1982-11-05	0	4.6	31	8
1982-11-06	0	3.4	34	6
1982-11-07	0	5	34	6
1982-11-08	0	8.1	30	6
1982-11-09	0	NULO	27	8
1982-11-10	0	NULO	24	7
1982-11-11	0	NULO	28	8
1982-11-12	0	NULO	25	5
1982-11-13	0	NULO	30	7
1982-11-14	0	NULO	30	8
1982-11-15	0	NULO	28	7
1982-11-16	0	NULO	24	13
1982-11-17	0	NULO	25	13
1982-11-18	0	6.2	25	9
1982-11-19	0	3.5	24	7
1982-11-20	0	5.5	21	8
1982-11-21	0	2.3	23	5
1982-11-22	0	4.1	22	6
1982-11-23	0	3.5	23	8
1982-11-24	0	0.4	23	7
1982-11-25	0	3	26	7
1982-11-26	0	4.2	26	8
1982-11-27	0	4.6	27	5
1982-11-28	0	2.8	24	5
1982-11-29	0	2.8	22	3
1982-11-30	0	2.4	24	11
1982-12-01	1	5.9	21	12
1982-12-02	6	2.1	19	7
1982-12-03	0	5.1	22	6
1982-12-04	0	1.4	24	5
1982-12-05	0	4.7	25	6
1982-12-06	0	2	26	6
1982-12-07	0	1.2	24	7
1982-12-08	38	4.8	25	10
1982-12-09	12	2.8	21	13
1982-12-10	0	2	23	9
1982-12-11	0	4.2	23	9
1982-12-12	0	1	22	7
1982-12-13	0	3.1	21	10
1982-12-14	0	5	25	7
1982-12-15	0	3.5	25	5
1982-12-16	0	5	30	4
1982-12-17	0	2.3	29	4
1982-12-18	0	2.6	27	11
1982-12-19	0	2.3	30	10
1982-12-20	0	2	30	7
1982-12-21	0	2.4	26	11
1982-12-22	2	0.5	24	10
1982-12-23	0	5.5	23	11
1982-12-24	0	5.5	20	8
1982-12-25	0	2.3	18	3
1982-12-26	0	2.6	18	4
1982-12-27	0	3.6	20	3
1982-12-28	0	3.8	20	1
1982-12-29	0	2.7	22	1
1982-12-30	0	3.4	21	2
1982-12-31	0	3	20	1
1983-01-01	0	2.3	21	1
1983-01-02	0	2	21	2
1983-01-03	0	2.6	23	2
1983-01-04	0	4.9	25	2
1983-01-05	0	2.7	26	3
1983-01-06	0	4	26	1
1983-01-07	0	3	27	1
1983-01-08	0	5.4	28	2
1983-01-09	0	5.4	29	3
1983-01-10	0	3.6	30	5
1983-01-11	0	2.2	25	4
1983-01-12	0	2.6	22	5
1983-01-13	0	4	28	11
1983-01-14	0	2.2	30	10
1983-01-15	0	3.3	30	8
1983-01-16	0	4.3	26	8
1983-01-17	0	4.2	23	6
1983-01-18	0	4.1	22	6
1983-01-19	0	3.1	22	5
1983-01-20	0	3	22	1
1983-01-21	0	2.4	19	1
1983-01-22	0	4.4	23	2
1983-01-23	0	2.4	24	2
1983-01-24	0	3.2	23	6
1983-01-25	0	2.3	24	7
1983-01-26	0	3.7	31	6
1983-01-27	0	2.4	25	5
1983-01-28	0	2.5	26	4
1983-01-29	9	5.2	19	9
1983-01-30	0	2.4	20	4
1983-01-31	0	NULO	20	4
1983-04-07	0	NULO	NULO	NULO
1983-04-08	0	NULO	29	8
1983-04-09	0	3.8	27	4
1983-04-10	0	7	24	4
1983-04-11	0	7.5	24	6
1983-04-12	0	8.6	21	6
1983-04-13	0	7.7	21	4
1983-04-14	0	5.1	25	3
1983-04-15	0	9	30	4
1983-04-16	0	7.1	30	4
1983-04-17	0	6.1	31	5
1983-04-18	0	5.7	29	7
1983-04-19	0	8.9	25	7
1983-04-20	0	3.3	26	6
1983-04-21	0	8.4	26	9
1983-04-22	0	NULO	26	6
1983-04-23	0	NULO	27	10
1983-04-24	0	NULO	25	12
1983-04-25	0	NULO	24	12
1983-04-26	0	NULO	24	10
1983-04-27	0	NULO	26	6
1983-04-28	0	7.9	26	10
1983-04-29	0	NULO	27	6
1983-04-30	0	10.1	27	11
1983-05-01	0	12	24	10
1983-05-02	0	9.4	29	9
1983-05-03	0	10.2	32	11
1983-05-04	0	9.7	29	7
1983-05-05	0	7.9	25	10
1983-05-06	0	8	23	10
1983-05-07	0	9.7	22	10
1983-05-08	0	6.1	25	12
1983-05-09	0	NULO	26	10
1983-05-10	0	NULO	25	10
1983-05-11	0	NULO	25	8
1983-05-12	0	NULO	26	5
1983-05-13	0	NULO	24	11
1983-05-14	0	NULO	23	10
1983-05-15	0	11.4	29	9
1983-05-16	0	9.2	27	12
1983-05-17	0	7.6	27	12
1983-05-18	0	12.2	30	12
1983-05-19	0	11.2	33	7
1983-05-20	0	7.5	29	10
1983-05-21	0	8.8	32	13
1983-05-22	0	9.7	29	13
1983-05-23	0	7.4	28	12
1983-05-24	0	4.8	29	13
1983-05-25	0	10.5	24	13
1983-05-26	0	8.2	30	13
1983-05-27	0	7.4	28	13
1983-05-28	0	9.4	29	14
1983-05-29	0	7.1	31	15
1983-05-30	0	5	28	14
1983-05-31	0	2.8	30	13
1983-06-01	0	7.8	21	14
1983-06-02	0	9	26	9
1983-06-03	0	9.3	25	7
1983-06-04	0	4.7	26	13
1983-06-05	0	4.5	27	14
1983-06-06	0	11.6	26	13
1983-06-07	0	10.9	27	14
1983-06-08	0	5.5	30	13
1983-06-09	0	5.4	27	14
1983-06-10	0	4.3	24	12
1983-06-11	0	4.3	26	12
1983-06-12	0	7.1	27	13
1983-06-13	0	8.4	28	14
1983-06-14	0	9.2	29	8
1983-06-15	0	6.4	30	12
1983-06-16	0	6.8	35	13
1983-06-17	0	9.2	36	12
1983-06-18	0	5.2	36	13
1983-06-19	0	12.6	35	13
1983-06-20	0	9.7	33	14
1983-06-21	0	11.7	32	13
1983-06-22	0	11.3	31	12
1983-06-23	0	11.4	31	14
1983-06-24	0	10.8	31	14
1983-06-25	0	7.1	31	13
1983-06-26	0	3.8	31	10
1983-06-27	0	NULO	30	14
1983-06-28	0	NULO	28	13
1983-06-29	0	NULO	26	12
1983-06-30	0	8.1	27	14
1983-07-01	0	11	30	14
1983-07-02	0	9.3	32	13
1983-07-03	0	10.8	31	14
1983-07-04	0	9.4	34	14
1983-07-05	0	10.2	31	14
1983-07-06	0	9.2	39	15
1983-07-07	0	12.1	41	15
1983-07-08	0	3.5	41	17
1983-07-09	0	NULO	39	17
1983-07-10	0	NULO	38	18
1983-07-11	0	NULO	37	15
1983-07-12	0	NULO	36	15
1983-07-13	0	NULO	40	15
1983-07-14	0	5.3	42	15
1983-07-15	0	13.7	39	15
1983-07-16	0	11.4	34	16
1983-07-17	0	10	33	16
1983-07-18	0	11.1	35	16
1983-07-19	0	10	37	17
1983-07-20	0	11.3	41	16
1983-07-21	0	9.6	40	19
1983-07-22	0	NULO	38	15
1983-07-23	0	NULO	38	17
1983-07-24	0	NULO	38	17
1983-07-25	0	NULO	39	15
1983-07-26	0	NULO	40	17
1983-07-27	0	NULO	38	17
1983-07-28	0	NULO	38	15
1983-07-29	0	NULO	37	15
1983-07-30	0	3.4	36	16
1983-07-31	0	8.3	40	18
1983-08-01	0	11	38	17
1983-08-02	0	13.1	35	18
1983-08-03	0	10.2	34	18
1983-08-04	0	5	33	18
1983-08-05	0	9.6	40	17
1983-08-06	0	10.7	42	19
1983-08-07	0	11.2	40	20
1983-08-08	10	4.4	42	19
1983-08-09	0	NULO	40	20
1983-08-10	0	NULO	42	20
1983-08-11	0	NULO	42	20
1983-08-12	0	NULO	43	20
1983-08-13	0	NULO	43	22
1983-08-14	100	NULO	44	22
1983-08-15	0	6.6	39	22
1983-08-16	0	8.4	38	18
1983-08-17	0	6.9	39	18
1983-08-18	0	7	39	18
1983-08-19	0	7.1	33	18
1983-08-20	0	9.2	32	18
1983-08-21	0	9	31	17
1983-08-22	0	8.3	29	16
1983-08-23	0	NULO	30	19
1983-08-24	0	NULO	32	14
1983-08-25	0	NULO	34	16
1983-08-26	0	8.2	38	18
1983-08-27	0	10	40	18
1983-08-28	0	10.5	40	18
1983-08-29	0	11.5	40	18
1983-08-30	0	5.8	37	18
1983-08-31	3.6	10.8	35	17
1983-09-01	3	4.2	39	19
1983-09-02	0	6	35	20
1983-09-03	0	9.7	40	20
1983-09-04	0	8.9	40	21
1983-09-05	18	7.4	38	20
1983-09-06	23	4.1	34	20
1983-09-07	0	10.9	38	22
1983-09-08	0	7	38	19
1983-09-09	0	5.7	36	20
1983-09-10	2	4	39	20
1983-09-11	0	6	37	21
1983-09-12	14	5.4	38	23
1983-09-13	0	5.6	34	23
1983-09-14	0	4.9	33	20
1983-09-15	0	6.4	36	20
1983-09-16	0	6.4	40	20
1983-09-17	2	7.6	40	21
1983-09-18	0	3.9	40	20
1983-09-19	0	7	41	23
1983-09-20	0	7.1	40	23
1983-09-21	0	2.6	39	22
1983-09-22	0	7.4	39	22
1983-09-23	0	9.9	39	20
1983-09-24	0	4.9	34	20
1983-09-25	0	5.1	33	19
1983-09-26	0	4.4	30	18
1983-09-27	0	6.6	30	16
1983-09-28	0	6.1	31	15
1983-09-29	0	7.9	31	16
1983-09-30	0	6	33	18
1983-10-01	0	6.3	36	19
1983-10-02	0	4.2	33	20
1983-10-03	14	3.3	32	19
1983-10-04	0	4.1	29	19
1983-10-05	0	3.9	31	18
1983-10-06	0	4.5	31	17
1983-10-07	0	4.6	29	14
1983-10-08	0	4.1	34	18
1983-10-09	0	7	34	17
1983-10-10	0	4.8	31	17
1983-10-11	0	4.1	34	16
1983-10-12	0	5.9	38	13
1983-10-13	0	7.6	35	11
1983-10-14	0	7.2	29	13
1983-10-15	0	5.8	27	12
1983-10-16	0	5	27	8
1983-10-17	0	4.8	27	12
1983-10-18	0	3	26	12
1983-10-19	0	3.7	28	13
1983-10-20	0	NULO	33	16
1983-10-21	0	NULO	33	13
1983-10-22	0	NULO	33	13
1983-10-23	0	NULO	35	12
1983-10-24	0	NULO	35	13
1983-10-25	0	4.9	31	13
1983-10-26	0	5.4	32	14
1983-10-27	0	5.4	30	12
1983-10-28	0	5.2	33	12
1983-10-29	0	5.2	33	16
1983-10-30	0	4.9	30	17
1983-10-31	0	4.1	33	13
1983-11-01	0	5.7	33	12
1983-11-02	0	6.7	33	13
1983-11-03	11	1	31	12
1983-11-04	0	2.6	29	12
1983-11-05	0	2.3	29	14
1983-11-06	0	3.6	29	15
1983-11-07	0	2.7	30	13
1983-11-08	0	4.1	27	15
1983-11-09	0	4.5	26	11
1983-11-10	0	3.8	28	10
1983-11-11	0	4.1	29	9
1983-11-12	0	5	33	10
1983-11-13	0	4.9	28	8
1983-11-14	0	3.9	27	10
1983-11-15	0	4.9	33	9
1983-11-16	0	2.3	30	10
1983-11-17	0	NULO	27	9
1983-11-18	0	NULO	25	12
1983-11-19	0	1.8	29	9
1983-11-20	0	3.9	25	7
1983-11-21	3.6	3.7	22	11
1983-11-22	0	3.9	21	5
1983-11-23	0	2.8	22	1
1983-11-24	0	5.4	26	1
1983-11-25	0	3	24	3
1983-11-26	0	6.2	23	6
1983-11-27	0	4.2	24	1
1983-11-28	0	2.3	26	0
1983-11-29	0	4.7	24	0
1983-11-30	1	0.1	22	6
1983-12-01	1	5.3	28	9
1983-12-02	23	2	21	8
1983-12-03	0	2.6	22	6
1983-12-04	0	2.5	21	8
1983-12-05	0	4.6	23	4
1983-12-06	0	4.5	25	1
1983-12-07	0	5	30	0.1
1983-12-08	0	1.8	29	2
1983-12-09	0	2.1	27	4
1983-12-10	0	2.7	24	4
1983-12-11	0	2.3	24	6
1983-12-12	0	4	27	6
1983-12-13	0	5.1	27	8
1983-12-14	0	2	27	4
1983-12-15	0	2.9	28	4
1983-12-16	0	2.7	27	10
1983-12-17	0	1.7	22	9
1983-12-18	0	3.3	24	7
1983-12-19	0	4.4	24	6
1983-12-20	0	1.9	22	4
1983-12-21	0	1.8	22	9
1983-12-22	0	3.9	21	2
1983-12-23	0	3.3	23	4
1983-12-24	0	1.2	29	6
1983-12-25	2	3.3	27	7
1983-12-26	0	NULO	22	11
1983-12-27	0	NULO	21	12
1983-12-28	0	NULO	23	12
1983-12-29	0	5.8	23	7
1983-12-30	0	5.1	25	7
1983-12-31	0	2	25	0.1
1984-01-01	0	2	26	2
1984-01-02	0	1.8	28	1
1984-01-03	1.6	3.5	28	2
1984-01-04	20	3.3	24	2
1984-01-05	NULO	NULO	NULO	NULO
1984-01-17	0	NULO	NULO	NULO
1984-01-18	0	4	27	3
1984-01-19	0	4.5	25	1
1984-01-20	0	3.2	21	1.4
1984-01-21	0	4.7	26	1
1984-01-22	0	2	27	0
1984-01-23	0	3.5	23	0
1984-01-24	0	5.8	22	4
1984-01-25	0	2.9	25	0
1984-01-26	0	2.2	30	1
1984-01-27	0	3.7	29	2
1984-01-28	0	3	25	7
1984-01-29	3.6	5	28	4
1984-01-30	1	2.4	22	7
1984-01-31	0	3.9	30	8
1984-03-01	0	NULO	25	2
1984-03-02	0	NULO	23	5
1984-03-03	0	NULO	26	2
1984-03-04	0	NULO	25	9
1984-03-05	0	NULO	27	7
1984-03-06	0	NULO	29	1
1984-03-07	0	NULO	23	0
1984-03-08	0	NULO	25	0
1984-03-09	0	NULO	20	4
1984-03-10	0	NULO	19	6
1984-03-11	0	NULO	22	1
1984-03-12	0	NULO	18	11
1984-03-13	0	NULO	21	12
1984-03-14	0	NULO	26	5
1984-03-15	0	NULO	35	2
1984-03-16	0	NULO	32	5
1984-03-17	0	NULO	28	7
1984-03-18	0	NULO	23	11
1984-03-19	0	NULO	30	6
1984-03-20	0	NULO	26	1
1984-03-21	0	NULO	23	9
1984-03-22	0	NULO	26	10
1984-03-23	0	NULO	24	6
1984-03-24	0	NULO	22	11
1984-03-25	0	NULO	22	11
1984-03-26	0	NULO	23	9
1984-03-27	0	NULO	22	9
1984-03-28	0	NULO	27	10
1984-03-29	0	NULO	30	9
1984-03-30	0	NULO	27	7
1984-03-31	0	NULO	28	5
1984-04-01	0	NULO	22	10
1984-04-02	0	NULO	19	10
1984-04-03	0	NULO	25	9
1984-04-04	0	NULO	25	8
1984-04-05	0	NULO	28	8
1984-04-06	NULO	NULO	NULO	NULO
1986-06-01	0	NULO	33	14
1986-06-02	0	NULO	30	15
1986-06-03	0	NULO	30	15
1986-06-04	0	NULO	36	14
1986-06-05	0	NULO	36	16
1986-06-06	0	NULO	35	15
1986-06-07	0	NULO	33	15
1986-06-08	0	NULO	30	15
1986-06-09	0	NULO	33	14
1986-06-10	0	NULO	36	14
1986-06-11	0	NULO	33	15
1986-06-12	0	NULO	32	14
1986-06-13	0	NULO	35	15
1986-06-14	0	NULO	34	13
1986-06-15	0	NULO	33	15
1986-06-16	0	NULO	36	15
1986-06-17	0	NULO	34	13
1986-06-18	0	NULO	31	14
1986-06-19	0	NULO	32	15
1986-06-20	0	NULO	30	15
1986-06-21	0	NULO	34	14
1986-06-22	0	NULO	36	15
1986-06-23	0	NULO	36	16
1986-06-24	0	NULO	34	16
1986-06-25	0	NULO	36	16
1986-06-26	0	5.9	35	16
1986-06-27	4	5.8	32	16.5
1986-06-28	0	6.5	35	16
1986-06-29	0	9.5	37	16.5
1986-06-30	0	10	33.5	19
1986-07-01	0	9	36.5	20.5
1986-07-02	0	10.1	31.5	20
1986-07-03	0	12.1	31.5	21
1986-07-04	0	9.5	32	18
1986-07-05	0	10.7	31	14
1986-07-06	0	9.6	30	18
1986-07-07	0	10.7	27	18
1986-07-08	0	12.1	27	19
1986-07-09	0	11.5	30	18
1986-07-10	0	9.8	28	18
1986-07-11	0	9.2	34	16.5
1986-07-12	0	12.8	36.5	17
1986-07-13	0	10.5	38	17
1986-07-14	0	11.4	37	18
1986-07-15	0	11	37.5	18
1986-07-16	0	13.4	32.5	19
1986-07-17	0	10	32	18.5
1986-07-18	0	11.6	33.5	18
1986-07-19	0	12.5	26	19
1986-07-20	7.5	6	35	19
1986-07-21	2	3.1	28	19.5
1986-07-22	0	3.5	24.5	18
1986-07-23	0	5.6	32.5	20.5
1986-07-24	0	10.1	28	19.5
1986-07-25	0	7.7	23.5	18
1986-07-26	0	8.9	30	18.5
1986-07-27	0	11.3	32	18.5
1986-07-28	0	10	36	17.5
1986-07-29	0	9.2	32	18
1986-07-30	0	9.4	30	18
1986-07-31	0	8.4	34	19
1986-08-01	0	11	30.5	20
1986-08-02	0	11	35	19
1986-08-03	0	10.1	34	20
1986-08-04	0	10.8	32	19
1986-08-05	0	10.4	34.5	18.5
1986-08-06	0	11.9	37	18.5
1986-08-07	0	9.7	32	19
1986-08-08	0	12.4	32	18.5
1986-08-09	0	10.6	32.5	18.5
1986-08-10	0	8.3	33	18.5
1986-08-11	0	10.7	34	19
1986-08-12	0	10.5	33	19
1986-08-13	0	11.5	31	17
1986-08-14	0	9.7	31.5	18.5
1986-08-15	0	10.1	26	18
1986-08-16	0	10.9	33.5	18.5
1986-08-17	0	11.1	41	19
1986-08-18	0	10.8	40	22
1986-08-19	0	11.2	41	21
1986-08-20	0	12	40	22.5
1986-08-21	0	10	38	21
1986-08-22	0	10.6	35	19
1986-08-23	0	10.4	36	18.5
1986-08-24	0	10.5	37	18
1986-08-25	20.5	5.5	38	20
1986-08-26	0	4	36	20
1986-08-27	0	11.5	37.5	20
1986-08-28	0	10.5	32	19
1986-08-29	0	8.8	38.5	20
1986-08-30	0	10.8	38	20
1986-08-31	0	10.1	34	21
1986-09-01	0	NULO	31	19
1986-09-02	0	NULO	33	18
1986-09-03	0	NULO	32	18
1986-09-04	0	NULO	30	18
1986-09-05	0	NULO	37	18.5
1986-09-06	0	NULO	35	18.5
1986-09-07	0	NULO	33.5	18
1986-09-08	0	NULO	34	18
1986-09-09	0	NULO	33	18
1986-09-10	0	NULO	32	17.5
1986-09-11	0	NULO	30	17
1986-09-12	0	NULO	27	17
1986-09-13	0	NULO	27	16
1986-09-14	0	NULO	28	16
1986-09-15	0	NULO	26	15.5
1986-09-16	0	NULO	28	16
1986-09-17	0	NULO	33	15
1986-09-18	0	NULO	29	15
1986-09-19	0	NULO	30	17
1986-09-20	0	NULO	30	15
1986-09-21	0	NULO	29	14
1986-09-22	0	NULO	31	15
1986-09-23	0	NULO	32	14.5
1986-09-24	0	NULO	30	15.5
1986-09-25	0	NULO	28.5	12
1986-09-26	0	NULO	28	13.5
1986-09-27	0	NULO	28	12.5
1986-09-28	0	NULO	29	14
1986-09-29	0	NULO	27	15
1986-09-30	0	NULO	32	15.5
1986-10-01	0	NULO	31.5	16.5
1986-10-02	0	NULO	29	15.5
1986-10-03	0	NULO	32	14
1986-10-04	0	NULO	30	14
1986-10-05	0	NULO	33	16
1986-10-06	0	NULO	31	14
1986-10-07	0	NULO	32	14
1986-10-08	0	NULO	32	15
1986-10-09	0	NULO	31	16.5
1986-10-10	0	NULO	27	17
1986-10-11	0	NULO	31	16
1986-10-12	0	NULO	33	15
1986-10-13	0	NULO	34	17
1986-10-14	0	NULO	34	13
1986-10-15	0	NULO	33	17
1986-10-16	0	NULO	29.5	16.5
1986-10-17	0	NULO	27	15
1986-10-18	0	NULO	29.5	14.5
1986-10-19	0	NULO	26	14
1986-10-20	0	NULO	31	13
1986-10-21	0	NULO	33	12
1986-10-22	0	NULO	30.5	14
1986-10-23	0	NULO	29	15.5
1986-10-24	0	NULO	29	13.5
1986-10-25	0	NULO	32	13
1986-10-26	0	NULO	34	16
1986-10-27	0	NULO	34	15
1986-10-28	0	NULO	33	14
1986-10-29	0	NULO	32	15
1986-10-30	0	NULO	33	16
1986-10-31	0	NULO	32	16
1986-11-01	0	NULO	27	12
1986-11-02	0	NULO	25	11
1986-11-03	0	NULO	25	10
1986-11-04	0	NULO	27	11
1986-11-05	0	NULO	30	13
1986-11-06	0	NULO	29	11
1986-11-07	0	NULO	25	11
1986-11-08	0	NULO	26	10
1986-11-09	0	NULO	31	11
1986-11-10	0	NULO	26	12
1986-11-11	0	NULO	29	13
1986-11-12	0	NULO	31	14
1986-11-13	0	NULO	30	11
1986-11-14	2	NULO	25	14
1986-11-15	5	NULO	21	12
1986-11-16	5	NULO	20	15
1986-11-17	0	NULO	26.5	13
1986-11-18	0	NULO	28.5	14
1986-11-19	0	NULO	25	15
1986-11-20	0	NULO	27	16
1986-11-21	0	NULO	23.5	14
1986-11-22	0	NULO	26	13
1986-11-23	0	NULO	26	9
1986-11-24	0	NULO	26.5	11.5
1986-11-25	0	NULO	25.5	6.5
1986-11-26	0	NULO	27	10
1986-11-27	0	NULO	30	10.5
1986-11-28	0	NULO	31	6
1986-11-29	0	NULO	28.5	9
1986-11-30	0	NULO	28	11
1986-12-01	0	NULO	28	4
1986-12-02	0	NULO	32	5
1986-12-03	0	NULO	30.5	5
1986-12-04	0	NULO	27	8.5
1986-12-05	0	NULO	27	13
1986-12-06	8	NULO	21	11
1986-12-07	0	NULO	21	13
1986-12-08	0	NULO	22	9
1986-12-09	0	NULO	21.5	7
1986-12-10	0	NULO	21	5.5
1986-12-11	0	NULO	22.5	3
1986-12-12	0	NULO	23	3.5
1986-12-13	0	NULO	24.5	5
1986-12-14	0	NULO	26	3.5
1986-12-15	0	NULO	24	3
1986-12-16	14.5	NULO	24.5	7
1986-12-17	0	NULO	21	11
1986-12-18	0	NULO	23	9
1986-12-19	0	NULO	21.5	12
1986-12-20	2	NULO	20.5	10
1986-12-21	0	NULO	20	10
1986-12-22	0	NULO	23	8
1986-12-23	0	NULO	22	6
1986-12-24	0	NULO	22	10
1986-12-25	0	NULO	22	8.5
1986-12-26	0	NULO	24	7.5
1986-12-27	0	NULO	23	6
1986-12-28	0	NULO	21	8
1986-12-29	0	NULO	23.5	5.5
1986-12-30	0	NULO	26.5	7.5
1986-12-31	0	NULO	25	5.5
1987-02-01	0	NULO	25	8
1987-02-02	0	NULO	28	9
1987-02-03	0	NULO	26	9.5
1987-02-04	0	NULO	24	7
1987-02-05	0	NULO	27	10.5
1987-02-06	0	NULO	30.5	6
1987-02-07	0	NULO	32	11
1987-02-08	0	NULO	31	9
1987-02-09	0	NULO	32	9
1987-02-10	0	NULO	29	11
1987-02-11	0	NULO	24	12
1987-02-12	0	NULO	23.5	10
1987-02-13	0	NULO	24	12
1987-02-14	0	NULO	24	11
1987-02-15	0	NULO	25	11
1987-02-16	0	NULO	22	12
1987-02-17	0	NULO	23	7.5
1987-02-18	0	NULO	22	10
1987-02-19	0	NULO	23	9
1987-02-20	0	NULO	21	7
1987-02-21	0	NULO	25	3
1987-02-22	10	NULO	23	6
1987-02-23	2	NULO	23	5.5
1987-02-24	2	NULO	19	6
1987-02-25	4	NULO	18	10
1987-02-26	2	NULO	16	4
1987-02-27	0	NULO	21	2
1987-02-28	0	NULO	22	5
1987-06-01	0	NULO	34	13
1987-06-02	0	NULO	35	14
1987-06-03	0	NULO	33	14
1987-06-04	0	NULO	30	11
1987-06-05	0	NULO	32	16
1987-06-06	0	NULO	30	14
1987-06-07	0	NULO	31	14
1987-06-08	0	NULO	29	13.5
1987-06-09	0	NULO	28	15
1987-06-10	0	NULO	29	14
1987-06-11	0	NULO	30	11
1987-06-12	0	NULO	32	12
1987-06-13	0	NULO	31	14
1987-06-14	0	NULO	28	15
1987-06-15	0	NULO	29	14
1987-06-16	0	NULO	28	10
1987-06-17	0	NULO	29	15
1987-06-18	0	NULO	30	14
1987-06-19	0	NULO	31	14
1987-06-20	0	NULO	29	13
1987-06-21	0	NULO	26	14
1987-06-22	0	NULO	27	14
1987-06-23	0	NULO	33	15
1987-06-24	0	NULO	36	14
1987-06-25	0	NULO	37	15
1987-06-26	0	NULO	30	14
1987-06-27	0	NULO	31	14
1987-06-28	0	NULO	32	15
1987-06-29	0	NULO	31	15
1987-06-30	0	NULO	32	13.5
1987-07-01	0	NULO	30	13
1987-07-02	0	NULO	28	14
1987-07-03	0	NULO	30	16
1987-07-04	0	NULO	35	14
1987-07-05	0	NULO	36	15
1987-07-06	0	NULO	32	14
1987-07-07	0	NULO	31	11
1987-07-08	0	NULO	33.5	14
1987-07-09	0	NULO	37	14.5
1987-07-10	0	NULO	33	16
1987-07-11	0	NULO	36	15
1987-07-12	0	NULO	34.5	16
1987-07-13	0	NULO	33	17
1987-07-14	0	NULO	34	16
1987-07-15	0	NULO	33	16.5
1987-07-16	0	NULO	35	15
1987-07-17	0	NULO	36	16
1987-07-18	0	NULO	37	14
1987-07-19	0	NULO	36	17
1987-07-20	0	NULO	37	18
1987-07-21	0	NULO	31	16
1987-07-22	0	NULO	30	15
1987-07-23	0	NULO	31	14
1987-07-24	0	NULO	30	16
1987-07-25	0	NULO	31	14
1987-07-26	0	NULO	32	16.5
1987-07-27	0	NULO	30	14
1987-07-28	0	NULO	31	13
1987-07-29	0	NULO	30	14
1987-07-30	0	NULO	30	15
1987-07-31	0	NULO	37.5	16
1987-09-01	0	NULO	40	17
1987-09-02	0	NULO	40	17
1987-09-03	0	NULO	36	17
1987-09-04	0	NULO	35	20
1987-09-05	0	NULO	34	20
1987-09-06	0	NULO	39	19
1987-09-07	0	NULO	38	17
1987-09-08	0	NULO	41.5	18
1987-09-09	0	NULO	42	17
1987-09-10	0	NULO	36	17
1987-09-11	0	NULO	31.5	17
1987-09-12	0	NULO	31	16.5
1987-09-13	4	NULO	30.5	14
1987-09-14	0	NULO	32.5	15
1987-09-15	0	NULO	31	17
1987-09-16	0	NULO	28	15
1987-09-17	0	NULO	34	17
1987-09-18	0	NULO	32	19
1987-09-19	0	NULO	36	17
1987-09-20	0	NULO	37	17
1987-09-21	0	NULO	35.5	18
1987-09-22	0	NULO	35	19
1987-09-23	0	NULO	33.5	16
1987-09-24	0	NULO	33	16
1987-09-25	0	NULO	33	17.5
1987-09-26	0	NULO	36	18
1987-09-27	0	NULO	39	18
1987-09-28	0	NULO	38.5	20
1987-09-29	0	NULO	36	16
1987-09-30	0	NULO	36	16
1987-10-01	0	NULO	39	16.5
1987-10-02	9	NULO	39.5	18.5
1987-10-03	0	NULO	39	19
1987-10-04	0	NULO	38.5	16.5
1987-10-05	0	NULO	37	17.5
1987-10-06	NULO	NULO	NULO	NULO
1987-12-01	0	NULO	25	4
1987-12-02	0	NULO	27	6
1987-12-03	0	NULO	29	10
1987-12-04	0	NULO	30	10
1987-12-05	0	NULO	26	10
1987-12-06	0	NULO	24	11
1987-12-07	0	NULO	24	8.5
1987-12-08	0	NULO	25	9
1987-12-09	0	NULO	27.5	10.5
1987-12-10	0	NULO	29	10
1987-12-11	0	NULO	29	8.5
1987-12-12	0	NULO	24	10
1987-12-13	0	NULO	20	11
1987-12-14	0	NULO	18	2
1987-12-15	0	NULO	20	0
1987-12-16	1.5	NULO	23	1
1987-12-17	7	NULO	18	7
1987-12-18	2	NULO	20	10.5
1987-12-19	0	NULO	20	5.5
1987-12-20	0	NULO	23	5
1987-12-21	0	NULO	25	5.5
1987-12-22	0	NULO	23	5
1987-12-23	0	NULO	18	7
1987-12-24	0	NULO	17.5	7
1987-12-25	0	NULO	12	5
1987-12-26	0	NULO	14.5	-3
1987-12-27	0	NULO	21	-2
1987-12-28	0	NULO	21.5	0
1987-12-29	0	NULO	19.5	3.5
1987-12-30	0	NULO	20	6
1987-12-31	0	NULO	21	4
1988-01-01	0	NULO	23	1.5
1988-01-02	0	NULO	22.5	2
1988-01-03	0	NULO	27.5	4.5
1988-01-04	0	NULO	29	8
1988-01-05	0	NULO	20	9
1988-01-06	0	NULO	22	9
1988-01-07	0	NULO	20	11
1988-01-08	0	NULO	23	10.5
1988-01-09	0	NULO	24	10.5
1988-01-10	0	NULO	30	5
1988-01-11	0	NULO	26	8
1988-01-12	0	NULO	22	10
1988-01-13	0	NULO	21	10.5
1988-01-14	0	NULO	29	6
1988-01-15	0	NULO	25	5.5
1988-01-16	0	NULO	22	7
1988-01-17	0	NULO	22	7
1988-01-18	0	NULO	18	8
1988-01-19	0	NULO	18.5	10
1988-01-20	0	NULO	18	3
1988-01-21	0	NULO	18	1.5
1988-01-22	0	NULO	19	3.5
1988-01-23	0	NULO	24	8
1988-01-24	0	NULO	26	5
1988-01-25	0	NULO	29	3
1988-01-26	0	NULO	31	2
1988-01-27	0	NULO	30	4
1988-01-28	0	NULO	26	7
1988-01-29	0	NULO	22	8
1988-01-30	0	NULO	21	11
1988-01-31	0	NULO	21	9.5
1988-02-01	0	NULO	28	8
1988-02-02	0	NULO	24	9.5
1988-02-03	0	NULO	21	12
1988-02-04	0	NULO	26	5.5
1988-02-05	0	NULO	26	7
1988-02-06	0	NULO	26.5	8
1988-02-07	0	NULO	26	10
1988-02-08	0	NULO	30.5	6
1988-02-09	0	NULO	32	8
1988-02-10	0	NULO	35	6
1988-02-11	0	NULO	30.5	6
1988-02-12	0	NULO	31	6
1988-02-13	0	NULO	25	7
1988-02-14	0	NULO	28.5	9
1988-02-15	0	NULO	28	9
1988-02-16	0	NULO	27	10
1988-02-17	0	NULO	25	9
1988-02-18	0	NULO	24	3
1988-02-19	0	NULO	22	9
1988-02-20	0	NULO	28	8
1988-02-21	0	NULO	30	6.5
1988-02-22	0	NULO	29	7
1988-02-23	0	NULO	27	10
1988-02-24	0	NULO	28.5	11
1988-02-25	0	NULO	29	10
1988-02-26	0	NULO	29	11.5
1988-02-27	0	NULO	31	13
1988-02-28	0	NULO	27.5	13
1988-02-29	0	NULO	29.5	13
1988-04-05	0	NULO	NULO	NULO
1988-04-06	0	NULO	33	12.5
1988-04-07	0	NULO	33	11
1988-04-08	0	NULO	30	9.5
1988-04-09	0	NULO	32	11
1988-04-10	0	NULO	30.5	10
1988-04-11	0	NULO	36	13
1988-04-12	0	NULO	35	11
1988-04-13	0	NULO	31	12
1988-04-14	NULO	NULO	NULO	NULO
1988-04-24	0	NULO	NULO	NULO
1988-04-25	NULO	NULO	NULO	NULO
1988-11-06	0	NULO	NULO	NULO
1988-11-07	0	2	22	13
1988-11-08	0	5.2	26	13
1988-11-09	0	5.2	31	10
1988-11-10	0	4.5	32	9
1988-11-11	0	1.8	24	11
1988-11-12	0	3.3	31	11.5
1988-11-13	0	4.7	26.5	14
1988-11-14	0	5.3	26	13.5
1988-11-15	0	2.2	23.5	11
1988-11-16	0	7.1	32	13.5
1988-11-17	0	3.8	27.5	11
1988-11-18	0	4.1	31.5	9
1988-11-19	0	4	29.5	9
1988-11-20	0	3.5	30	7
1988-11-21	0	6.4	32.5	11
1988-11-22	0	3.6	34	10
1988-11-23	0	4	27.5	11.5
1988-11-24	0	3.8	24	10.5
1988-11-25	0	3.5	22	11.5
1988-11-26	0	5.3	23.5	10.5
1988-11-27	0	2.4	27.5	10
1988-11-28	0	4.4	24.5	4.5
1988-11-29	0	4.7	26	4.5
1988-11-30	0	3.6	24	3
1988-12-01	0	3.4	24.5	2.5
1988-12-02	0	5.4	26	4
1988-12-03	0	4.2	28	5
1988-12-04	0	4.2	27	6
1988-12-05	0	3.8	30.5	9
1988-12-06	0	3.7	27	10
1988-12-07	0	5.6	27.5	8
1988-12-08	0	3.9	29	7
1988-12-09	0	3.8	28.5	3.5
1988-12-10	0	3.5	23.5	6
1988-12-11	0	3.4	26	6
1988-12-12	0	4.4	24	0
1988-12-13	0	2.1	21.5	-1
1988-12-14	0	2.8	24	0
1988-12-15	0	2.2	24.5	1
1988-12-16	0	2.2	19.5	7
1988-12-17	18	0.8	21.5	10
1988-12-18	0	1.8	22	10
1988-12-19	0	1.7	21	10
1988-12-20	0	2.5	22.5	10
1988-12-21	0	1.8	23	11
1988-12-22	0	2.8	25	6
1988-12-23	0	2.1	26	6
1988-12-24	0	2.3	21	5
1988-12-25	0	3.7	23.5	6.5
1988-12-26	1.5	5.3	27	11
1988-12-27	0	1.3	20.5	10
1988-12-28	0	1	22	12
1988-12-29	4.5	1	21	8.5
1988-12-30	0	1.7	22	7.5
1988-12-31	0	3.5	21	5.5
1990-01-01	0	2.9	23	2
1990-01-02	1	2.4	20	2.5
1990-01-03	0	3	19.5	3
1990-01-04	0	1.8	18	2
1990-01-05	0	3.9	18.5	0
1990-01-06	0	4.6	16	1.5
1990-01-07	0	6.5	16.5	2.5
1990-01-08	0	3.3	21.5	3.5
1990-01-09	0	5	30.5	3
1990-01-10	0	3.9	32	4
1990-01-11	0	3.2	28.5	5.5
1990-01-12	0	3.1	27.5	8.5
1990-01-13	0	6.1	22	7
1990-01-14	0	4.1	20	7.5
1990-01-15	0	2.7	19	7
1990-01-16	0	4.8	19	11
1990-01-17	1	2.3	19	3.5
1990-01-18	0	2.6	20	3.5
1990-01-19	0	2.3	19	1.5
1990-01-20	0	2.8	17	0
1990-01-21	0	3.3	18	-2
1990-01-22	0	1.6	20.5	0
1990-01-23	0	3	27	3
1990-01-24	0	5.6	26.5	4.5
1990-01-25	0	4.6	31.5	3
1990-01-26	0	5.3	28.5	2
1990-01-27	0	3.4	25.5	4.5
1990-01-28	0	6.5	30	4
1990-01-29	0	4.2	30	4
1990-01-30	0	1.3	25	4
1990-01-31	8.5	2.9	21	3.5
1990-02-01	0	1.7	18	4
1990-02-02	0	4.6	19.5	5
1990-02-03	0	4.7	24	1.5
1990-02-04	0	4.3	26	1.5
1990-02-05	0	4.4	22.5	3
1990-02-06	0	2.3	23	3
1990-02-07	0	3.6	18.5	5
1990-02-08	0	3.7	20	5
1990-02-09	0	6	21.5	2.5
1990-02-10	0	5.9	29.5	4
1990-02-11	0	5.2	30	5.5
1990-02-12	0	5	25	5.5
1990-02-13	0	1.3	20	11
1990-02-14	0	6.7	17	10
1990-02-15	0	4.3	17	5.5
1990-02-16	0	4.6	17.5	1.5
1990-02-17	0	4.1	20	2
1990-02-18	0	4.5	21	2.5
1990-02-19	0	7	19	2
1990-02-20	0	6.1	23	2
1990-02-21	0	3.9	26.5	3.5
1990-02-22	0	4.7	30.5	7
1990-02-23	0	4.4	32	4.5
1990-02-24	0	9.4	33.5	6
1990-02-25	0	6.6	31	7
1990-02-26	0	4.3	29.5	8.5
1990-02-27	0	8	27.5	2.5
1990-02-28	0	5.2	26.5	7.5
1990-03-01	0	8.4	29.5	10
1990-03-02	0	5.5	27.5	11
1990-03-03	0	7.5	24.5	11.5
1990-03-04	0	4.7	21.5	10
1990-03-05	0	6.8	21.5	8
1990-03-06	0	4.9	27	7
1990-03-07	0	6.1	29.5	7
1990-03-08	0	4.2	28	7
1990-03-09	0	7.9	25.5	7
1990-03-10	0	1.3	21.5	6
1990-03-11	0	5.3	22	3.5
1990-03-12	0	7.4	22	7
1990-03-13	0	7.2	21.5	5.5
1990-03-14	0	9.2	23.5	2
1990-03-15	0	7.6	23.5	3
1990-03-16	0	7.1	30.5	7
1990-03-17	0	8.6	32	7
1990-03-18	0	7	33	8
1990-03-19	0	5.9	33	11
1990-03-20	0	3.6	35.5	11
1990-03-21	0	6.1	32.5	11
1990-03-22	0	8.5	29.5	11
1990-03-23	0	6.8	28	11
1990-03-24	0	6.7	27	11
1990-03-25	0	6.9	27	12
1990-03-26	0	6.8	23.5	12
1990-03-27	0	4	25.5	11
1990-03-28	0	5.7	22.5	12
1990-03-29	0	7.4	22.5	11
1990-03-30	0	6.9	23	6.5
1990-03-31	0	6.5	22.5	9
1990-04-01	0	5.5	26.5	10
1990-04-02	0	7.3	30.5	10
1990-04-03	0	6.4	30.5	10
1990-04-04	0	4.7	24	11.5
1990-04-05	0	9.3	19	13
1990-04-06	0	8.3	19.5	10
1990-04-07	0	6.8	24.5	9.5
1990-04-08	0	11.8	27.5	12
1990-04-09	0	6.5	29	9.5
1990-04-10	0	9	33	13
1990-04-11	0	9.8	30.5	12
1990-04-12	0	6	30.5	11
1990-04-13	0	10.8	29.5	13
1990-04-14	0	10.7	30.5	11
1990-04-15	0	9.1	32	11
1990-04-16	0	8.6	32	12
1990-04-17	0	6.4	26.5	10
1990-04-18	0	9.1	29	10
1990-04-19	0	9.6	30.5	10
1990-04-20	0	6.3	27	10
1990-04-21	0	5.1	27	11
1990-04-22	0	9.1	29	11
1990-04-23	0	9.9	26.5	9
1990-04-24	0	9.6	27	9.5
1990-04-25	0	7.9	32	10.5
1990-04-26	0	6.8	23	10
1990-04-27	0	6.9	29	10
1990-04-28	0	12	23	10
1990-04-29	0	7.9	30	9.5
1990-04-30	0	8.8	28	9.5
1990-05-01	0	7.6	27	10
1990-05-02	0	6.7	27.5	10
1990-05-03	0	4.7	20.5	10
1990-05-04	0	8.7	22.5	11.5
1990-05-05	0	9.6	20	10
1990-05-06	0	8.2	23.5	9
1990-05-07	0	5.9	26.5	12
1990-05-08	0	7.8	27	10
1990-05-09	0	8.9	29.5	12.5
1990-05-10	0	7.8	27.5	11.5
1990-05-11	0	7.1	26.5	12.5
1990-05-12	0	6.8	30.5	10.5
1990-05-13	0	6.8	29.5	12.5
1990-05-14	0	7.2	27	10
1990-05-15	0	4.4	30.5	10.5
1990-05-16	0	4.3	27.5	11.5
1990-05-17	0	5.6	28.5	12.5
1990-05-18	0	5.1	33.5	13.5
1990-05-19	0	5.4	30.5	14.5
1990-05-20	0	3.4	34.5	14.5
1990-05-21	0	5.8	30.5	12.5
1990-05-22	0	5.1	33.5	11.5
1990-05-23	0	6.5	29.5	13.5
1990-05-24	0	4.3	30.5	12.5
1990-05-25	0	5.2	31.5	11.5
1990-05-26	0	5.5	26.5	12.5
1990-05-27	0	6	26.5	11.5
1990-05-28	0	5.5	29.5	11
1990-05-29	0	5.8	34	13
1990-05-30	0	6.2	26.5	10.5
1990-05-31	0	5	26.5	12
1990-06-01	0	4.5	27	11
1990-06-02	0	6.7	27.5	12
1990-06-03	0	4.7	27	13.5
1990-06-04	0	4.9	28.5	12
1990-06-05	0	6.9	28.5	10.5
1990-06-06	0	7.3	29.5	15.5
1990-06-07	0	6.9	34.5	14
1990-06-08	0	6.7	32.5	17
1990-06-09	0	9.3	37.5	12
1990-06-10	0	7.1	37	12
1990-06-11	0	9.8	36.5	15.5
1990-06-12	0	8.8	38.5	11.5
1990-06-13	0	8.1	37	9
1990-06-14	0	10.4	37	10
1990-06-15	0	7.7	37	10.5
1990-06-16	0	6.1	27.5	11
1990-06-17	0	7.6	33.5	12.5
1990-06-18	0	7.7	32	11.5
1990-06-19	0	6.1	30	9.5
1990-06-20	0	7.3	32.5	12.5
1990-06-21	0	4.2	28.5	12.5
1990-06-22	0	5.1	29.5	10
1990-06-23	0	5.3	33	10
1990-06-24	0	4.6	35	11.5
1990-06-25	0	5.6	34	10
1990-06-26	0	4.5	32.5	11.5
1990-06-27	0	3.6	38.5	13
1990-06-28	0	6.1	37	16
1990-06-29	0	5.6	32	15.5
1990-06-30	0	5.9	38	10
1990-07-01	0	5.1	35.5	13
1990-07-02	0	9.7	36.5	18
1990-07-03	0	8.7	34.5	17
1990-07-04	0	8	34	10
1990-07-05	0	7.8	34	13.5
1990-07-06	0	9.2	35	11
1990-07-07	0	7.2	37.5	13.5
1990-07-08	0	7.5	37	10.5
1990-07-09	0	8.3	33.5	16.5
1990-07-10	0	7.2	36.5	17
1990-07-11	9.5	6.2	37.5	18.5
1990-07-12	0	4.3	37	13.5
1990-07-13	0	4.1	34.5	10
1990-07-14	0	5.4	34	19.5
1990-07-15	0	3.9	39.5	13
1990-07-16	0	6.9	38	11
1990-07-17	0	3.8	34	12
1990-07-18	0	5.7	34.5	12.5
1990-07-19	0	4.3	37	12.5
1990-07-20	0	2.8	38	14.5
1990-07-21	0	4.3	36	14
1990-07-22	0	7.2	34.5	14.5
1990-07-23	0	4.4	34.5	19.5
1990-07-24	0	5.5	32.5	17
1990-07-25	0	4.6	34.5	11
1990-07-26	0	4.6	35	10
1990-07-27	0	3.7	35	14.5
1990-07-28	0	3.8	34.5	14
1990-07-29	0	3.3	34.5	17.5
1990-07-30	0	5	36.5	14.5
1990-07-31	0	6.5	34.5	14.5
1990-08-01	0	3.5	34.5	13
1990-08-02	0	4.7	34.5	14.5
1990-08-03	0	4.4	35	16.5
1990-08-04	0	5.7	33.5	14.5
1990-08-05	0	3.7	33	13
1990-08-06	0	5.2	32.5	13.5
1990-08-07	0	5.8	34	12
1990-08-08	0	8.1	35	13.5
1990-08-09	0	7.7	37	16
1990-08-10	0	4.4	37.5	10
1990-08-11	0	5.2	35	13.5
1990-08-12	0	6.8	33	14.5
1990-08-13	0	4.3	32	14.5
1990-08-14	0	3.8	34.5	14.5
1990-08-15	0	6.9	36	13.5
1990-08-16	0	5.9	34.5	13
1990-08-17	0	7.4	37.5	13
1990-08-18	0	5.9	34.5	14.5
1990-08-19	0	5.5	37.5	13.5
1990-08-20	0	7.1	34.5	13
1990-08-21	0	6.3	39.5	14.5
1990-08-22	0	6.6	38	13.5
1990-08-23	0	7.1	33.5	13
1990-08-24	0	6.8	36.5	12
1990-08-25	0	7.3	34	12
1990-08-26	0	6.2	33.5	14.5
1990-08-27	0	8.6	37.5	14
1990-08-28	0	9.1	37.5	13.5
1990-08-29	0	10.2	38.5	14.5
1990-08-30	0	7.7	35.5	14.5
1990-08-31	0	7.6	35.5	14
1990-09-01	0	NULO	35	24
1990-09-02	0	NULO	33	26
1990-09-03	0	NULO	33	25
1990-09-04	5	NULO	32	24
1990-09-05	0	NULO	33	22
1990-09-06	0	NULO	35	23
1990-09-07	0	NULO	34	24
1990-09-08	0	NULO	35	25
1990-09-09	0	NULO	34	26
1990-09-10	0	NULO	35	24
1990-09-11	0	NULO	34	24
1990-09-12	0	NULO	36	22
1990-09-13	0	NULO	34	21
1990-09-14	0	NULO	35	22
1990-09-15	0	NULO	34	20
1990-09-16	0	NULO	35	21
1990-09-17	0	NULO	34	20
1990-09-18	0	NULO	33	22
1990-09-19	0	NULO	34	21
1990-09-20	0.01	NULO	34	22
1990-09-21	0	NULO	35	20
1990-09-22	0	NULO	33	20
1990-09-23	0	NULO	34	22
1990-09-24	0	NULO	35	23
1990-09-25	0	NULO	36	24
1990-09-26	0	NULO	36	24
1990-09-27	0	NULO	35	20
1990-09-28	0	NULO	34	20
1990-09-29	8	NULO	34	21
1990-09-30	0	NULO	34	20
