COMISIÓN NACIONAL DEL AGUA
COORDINACIÓN GENERAL DEL SERVICIO METEOROLÓGICO NACIONAL
BASE DE DATOS CLIMATOLÓGICA NACIONAL 

REGISTRO DIARIO HISTÓRICO
EMISIÓN   : 01/05/2026 

DATOS DISPONIBLES EN LA BASE DE DATOS A: MAY DE 2026; 
CON LA INFORMACIÓN SUMINISTRADA POR LAS UNIDADES ADMINISTRATIVAS 

 ESTACIÓN  : 3151 
 NOMBRE    : PICHILINGUE 
 ESTADO    : BAJA CALIFORNIA SUR 
 MUNICIPIO : LA PAZ 
 SITUACIÓN : SUSPENDIDA 
 CVE-OMM   :   
 LATITUD   : 24.26944444 ° 
 LONGITUD  : -110.3208333 ° 
 ALTITUD   : 12 msnm 




FECHA		PRECIP	EVAP	TMAX	TMIN
		(mm)	(mm)	(°C )	(°C)
1979-02-13	0	4.1	27	6.5
1979-02-14	0	5.7	28.5	9.5
1979-02-15	0	6.1	25	11.5
1979-02-16	0	5	24	10.5
1979-02-17	0	5.5	23	9
1979-02-18	0	5.6	24.5	5.5
1979-02-19	0	3.2	26.5	10
1979-02-20	0	5.3	26	8.5
1979-02-21	0	4	26.5	8.5
1979-02-22	0	3.8	22.5	7.5
1979-02-23	0	7.3	23	8.5
1979-02-24	0	7.6	22.5	8.5
1979-02-25	0	5.8	25	8.5
1979-02-26	0	6.8	29	6
1979-02-27	0	3.6	23.5	8.5
1979-02-28	0	3.8	23	8.5
1979-03-01	0	5.8	22.5	8.5
1979-03-02	0	7.7	22.5	10
1979-03-03	0	7.1	20.5	6.5
1979-03-04	0	5.1	23.5	5.5
1979-03-05	0	5.8	24	6
1979-03-06	0	4.1	23.5	6
1979-03-07	0	6.7	26.5	10
1979-03-08	0	5.5	29	7.5
1979-03-09	0	3.1	30.5	9.5
1979-03-10	0	6.4	26	13
1979-03-11	0	5.5	27	11.5
1979-03-12	0	10.2	27	10.5
1979-03-13	0	7	28.5	11
1979-03-14	0	6.6	27.5	10
1979-03-15	0	8.3	28	10.5
1979-03-16	0	6.4	28	10.5
1979-03-17	0	5.3	24.5	9
1979-03-18	0	6.6	23.5	8
1979-03-19	0	5.5	24	8
1979-03-20	0	6	23.5	9
1979-03-21	0	6.1	25	10.5
1979-03-22	0	7.6	22.5	11
1979-03-23	0	6.6	25	8
1979-03-24	0	8.2	26	11
1979-03-25	0	9.3	28	7
1979-03-26	0	9.1	29.5	8.5
1979-03-27	0	5.7	29	9.5
1979-03-28	0	4.6	27.5	12
1979-03-29	0	8.7	25	11
1979-03-30	0	7.3	23	12
1979-03-31	0	7.3	26	6.5
1979-04-01	0	9.3	26	7.5
1979-04-02	0	7.4	29	9.5
1979-04-03	0	9.4	27.5	9.5
1979-04-04	0	7.7	27	9
1979-04-05	0	8.6	29.5	6
1979-04-06	0	6.6	30	11
1979-04-07	0	8.7	29.5	13.5
1979-04-08	0	6.8	31	12.5
1979-04-09	0	8.7	27	11.5
1979-04-10	0	6.2	31.5	9.5
1979-04-11	0	5.7	24	8.5
1979-04-12	0	10.6	29	9
1979-04-13	0	5.9	28	11
1979-04-14	0	9.1	32.5	10
1979-04-15	0	6.2	31.5	13.5
1979-04-16	0	6.2	32	12
1979-04-17	0	7	27	10
1979-04-18	0	5.8	22.5	10.5
1979-04-19	0	9.1	25	10.5
1979-04-20	0	7.2	28	9.5
1979-04-21	0	8.7	30	10.5
1979-04-22	0	9.4	30	10.5
1979-04-23	0	7.5	32	11
1979-04-24	0	9.6	32.5	10.5
1979-04-25	0	8.5	33	10
1979-04-26	0	11.6	34	10
1979-04-27	0	9.7	34	13.5
1979-04-28	0	8.7	32.5	16
1979-04-29	0	10.6	30	12.5
1979-04-30	0	4.2	30	11
1979-05-01	0	5.8	31.5	9.5
1979-05-02	0	7	30.5	11
1979-05-03	0	10.2	26.5	10.5
1979-05-04	0	10.5	30	9
1979-05-05	0	8.3	34	14
1979-05-06	0	4	31	10.5
1979-05-07	0	11.8	31.5	10
1979-05-08	0	7.9	30.5	9.5
1979-05-09	0	8.8	28.5	10
1979-05-10	0	8.5	29	10.5
1979-05-11	0	11.5	28.5	9.5
1979-05-12	0	12.7	33.5	9.5
1979-05-13	0	13.1	34	13
1979-05-14	0	6.5	33	12
1979-05-15	0	7.3	32	13
1979-05-16	0	8.7	27	12.5
1979-05-17	0	7.3	31	12
1979-05-18	15.3	3.4	23.5	13
1979-05-19	0	3.7	25	12
1979-05-20	0	8.5	26.5	11
1979-05-21	0	7.1	28	11
1979-05-22	0	7.6	32	12.5
1979-05-23	0	9.4	33	11.5
1979-05-24	0	10.2	32.5	11.5
1979-05-25	0	4.6	31	11
1979-05-26	0	7.8	30	11.5
1979-05-27	0	9.7	28.5	11
1979-05-28	0	9.2	30	12
1979-05-29	0	9.6	31	11.5
1979-05-30	0	8.8	32	12
1979-05-31	0	10.6	32.5	11.5
1979-06-01	0	8.6	34	12.5
1979-06-02	0	5.1	34.5	15
1979-06-03	0	11.2	31	14
1979-06-04	0	9.9	30	12.5
1979-06-05	0	6.8	30.5	11.5
1979-06-06	0	9.9	30	12
1979-06-07	0	7.2	28.5	12.5
1979-06-08	0	7.9	29	11.5
1979-06-09	0	8	29.5	12
1979-06-10	0	10.4	32.5	12.5
1979-06-11	0	10.6	35.5	15
1979-06-12	0	12.1	37.5	17
1979-06-13	0	8.7	39	18.5
1979-06-14	0	6.2	38.5	17
1979-06-15	0	9.2	36.5	15.5
1979-06-16	0	7.9	35	15
1979-06-17	0	9.4	33.5	15
1979-06-18	0	10.1	35.5	15
1979-06-19	0	9.3	33	15
1979-06-20	0	11.9	36	15
1979-06-21	0	11.3	37.5	16.5
1979-06-22	0	12.3	33	17.5
1979-06-23	0	10.8	39.5	17
1979-06-24	0	10.7	38	15.5
1979-06-25	0	8.6	37.5	17
1979-06-26	0	12.9	36.5	18.5
1979-06-27	0	11.2	36	18
1979-06-28	0	11.9	37.5	18.5
1979-06-29	0	11.8	37.5	18.5
1979-06-30	0	12.5	38.5	17.5
1979-07-01	0	10.7	38	16.5
1979-07-02	0	10.8	36.5	17
1979-07-03	0	11.2	37.5	16
1979-07-04	0	14.1	36	17
1979-07-05	0	14.7	37.5	18.5
1979-07-06	0	10.7	37	17.5
1979-07-07	0	13.1	37.5	19.5
1979-07-08	0	12.6	39	20.5
1979-07-09	0	11.3	39	18
1979-07-10	0	9.3	39	16.5
1979-07-11	0	10.2	38.5	16
1979-07-12	0	7.1	34	16
1979-07-13	0	12.1	33.5	18
1979-07-14	0	5.9	34	17.5
1979-07-15	0	10.1	36	19
1979-07-16	0	11.5	34.5	19.5
1979-07-17	0	8.4	37	20
1979-07-18	0	11.6	37.5	20
1979-07-19	0	10.1	36	19.5
1979-07-20	0	9.2	35.5	19.5
1979-07-21	0	12.8	35.5	20
1979-07-22	0	11.1	37	19.5
1979-07-23	0	10.8	39	20
1979-07-24	0	8.5	36.5	18.5
1979-07-25	0	10.6	35	20.5
1979-07-26	0	8.9	36.5	21
1979-07-27	0	7.6	36.5	20.5
1979-07-28	6.5	8.3	35.5	20
1979-07-29	2.8	5.8	33.5	20
1979-07-30	0	7.8	29.5	17.5
1979-07-31	0	9.2	33.5	18.5
1979-08-01	0	8.6	35.5	20
1979-08-02	0	7.9	35	19.5
1979-08-03	0	7.1	35	18.5
1979-08-04	0	10.8	34	18.5
1979-08-05	0	11.6	34.5	19
1979-08-06	0	9.8	35	20
1979-08-07	0	10.6	36	21
1979-08-08	0	9.1	37.5	22.5
1979-08-09	0	8.1	35	22
1979-08-10	0	6.5	36.5	21
1979-08-11	0	10.9	36	20
1979-08-12	0	9.4	34.5	18.5
1979-08-13	0	9.7	34.5	17.5
1979-08-14	0	7.3	34	17
1979-08-15	0	11.2	33.5	17
1979-08-16	0	9.9	34	17
1979-08-17	0	11.5	35	19
1979-08-18	0	9.6	36	20.5
1979-08-19	0	12.2	37	20
1979-08-20	0	11.6	36.5	19
1979-08-21	0	8.8	30	19
1979-08-22	0	10.3	37	19.5
1979-08-23	0	10.4	36.5	23
1979-08-24	0	9.9	38.5	21.5
1979-08-25	0	9.1	38.5	18
1979-08-26	0	10.9	39	19
1979-08-27	0	10.6	35.5	20.5
1979-08-28	0	9.1	34.5	21
1979-08-29	0	10	35	20
1979-08-30	0	9.2	34.5	18
1979-08-31	0	8.8	36.5	19.5
1979-09-01	0	10	35.5	20.5
1979-09-02	0	11.1	35	20
1979-09-03	0	11.2	37.5	20.5
1979-09-04	0	8.1	38	20.5
1979-09-05	0	8.4	37.5	21
1979-09-06	0	11.9	37	20
1979-09-07	0	9.9	38	21.5
1979-09-08	0	11.5	38	24.5
1979-09-09	0	9.2	38.5	22.5
1979-09-10	0	7.2	34.5	22.5
1979-09-11	24.4	1.7	32	20
1979-09-12	15.3	0.6	28	19.5
1979-09-13	33.6	4.5	28.5	19.5
1979-09-14	0	8.4	28	20
1979-09-15	0	6.1	31	20
1979-09-16	0	6.9	32.5	19
1979-09-17	0	7.9	32	19
1979-09-18	0	8.6	32.5	19
1979-09-19	0	7.3	32.5	19.5
1979-09-20	0	7.8	34	20
1979-09-21	0	6.3	34	19.5
1979-09-22	0	9.2	33.5	20
1979-09-23	0	8.1	35	20
1979-09-24	0	7.6	35	20.5
1979-09-25	0	7.6	34.5	20.5
1979-09-26	0	7.7	35.5	19.5
1979-09-27	0	8.2	36	20.5
1979-09-28	0	7	34.5	20.5
1979-09-29	0	7.8	35	20.5
1979-09-30	0	8.9	34.5	18.5
1979-10-01	0	7.6	35.5	18.5
1979-10-02	0	8.2	35	18.5
1979-10-03	0	7.9	35.5	19.5
1979-10-04	0	6.6	35	18
1979-10-05	0	7	35	20.5
1979-10-06	0	6.1	35.5	20
1979-10-07	0	8.7	36.5	20.5
1979-10-08	0	6.9	35	20.5
1979-10-09	0	8.2	35.5	20.5
1979-10-10	0	9	36	18
1979-10-11	0	9.7	36	18
1979-10-12	0	9.3	36	16.5
1979-10-13	0	8.5	36	18.5
1979-10-14	0	6.7	35	17
1979-10-15	0	7.5	34	16.5
1979-10-16	0	8.1	32.5	15.5
1979-10-17	0	7.4	36	17.5
1979-10-18	0	5.3	33.5	15
1979-10-19	0	9.9	33	18
1979-10-20	0	6	33.5	18
1979-10-21	0	6.5	32	17.5
1979-10-22	0	5.9	31	16
1979-10-23	0	5.1	31	15
1979-10-24	0	6.5	32	15
1979-10-25	0	9.2	34	14.5
1979-10-26	0	8.4	35	14.5
1979-10-27	0	7.2	34.5	16
1979-10-28	0	9	31	14
1979-10-29	0	12.8	32.5	17.5
1979-10-30	0	4.8	35	15
1979-10-31	0	5.7	29.5	16
1979-11-01	0	7.1	29.5	13.5
1979-11-02	0	4.6	28	13.5
1979-11-03	0	7.5	28	13
1979-11-04	0	5.7	30	14
1979-11-05	0	4.8	29.5	11.5
1979-11-06	0	5.5	29	12.5
1979-11-07	0	6.5	30	13
1979-11-08	0	8.1	28	10.5
1979-11-09	0	6.8	25.5	14
1979-11-10	0	5.5	25.5	15
1979-11-11	0	6.4	26.5	15
1979-11-12	0	5.4	27	12
1979-11-13	0	3.8	27	13
1979-11-14	0	5.4	27.5	13.5
1979-11-15	0	5.1	28	14.5
1979-11-16	0	3.4	27.5	14
1979-11-17	0	7.4	30	14
1979-11-18	0	6	29	15
1979-11-19	0	8.6	28	14.5
1979-11-20	0	10.5	25	14.5
1979-11-21	0	7.1	22	11
1979-11-22	0	7.2	22.5	10
1979-11-23	0	4.8	23.5	9
1979-11-24	0	6.2	24.5	12
1979-11-25	0	7	25	15.5
1979-11-26	0	6.2	27.5	11.5
1979-11-27	0	2.7	30.5	15.5
1979-11-28	0	8.5	25.5	15.5
1979-11-29	0	3.9	25.5	13
1979-11-30	0	6.4	25	14
1979-12-01	0	4.6	24.5	14
1979-12-02	0	5.9	24	14.5
1979-12-03	0	6.3	24.5	12.5
1979-12-04	0	5.5	25	9.5
1979-12-05	0	8.1	28.5	10.5
1979-12-06	0	4.6	26	11.5
1979-12-07	0	3.2	26.5	5.5
1979-12-08	0	5.9	26	10.5
1979-12-09	0	5.1	26.5	15.5
1979-12-10	0	5.9	28	11.5
1979-12-11	0	6.8	27	15
1979-12-12	0	7	25	16
1979-12-13	0	3	22	9
1979-12-14	0	4.3	21.5	9.5
1979-12-15	0	4.5	23	9.5
1979-12-16	0	5.7	22	12
1979-12-17	0	2.5	24.5	14.5
1979-12-18	0	6.5	24.5	12
1979-12-19	0	2.1	25.5	11
1979-12-20	0	4.2	25	11.5
1979-12-21	0	5.2	22.5	11.5
1979-12-22	0	8.3	26.5	10
1979-12-23	0	6.3	21	10
1979-12-24	0	7.8	22	12
1979-12-25	0	6.1	23.5	12.5
1979-12-26	0	2	28	10
1979-12-27	0	3.3	22	15.5
1979-12-28	0	4.3	21	15
1979-12-29	0	4.2	20.5	10
1979-12-30	0	6.9	21.5	12
1979-12-31	0	3.5	23	9.5
1980-01-01	0	4.2	24.5	5
1980-01-02	0	5.2	24	5.5
1980-01-03	0	5.3	21.5	8
1980-01-04	0	3.1	22.5	5
1980-01-05	0	4.4	23	12
1980-01-06	0	4.1	24.5	8.5
1980-01-07	0	3.9	25.5	11.5
1980-01-08	0	3.7	23.5	9.5
1980-01-09	0	5.4	27	10
1980-01-10	0	3.3	26	12.5
1980-01-11	0	4.5	23.5	10
1980-01-12	0	7.5	25	3.5
1980-01-13	0	4.8	27	10.5
1980-01-14	0	2.9	26.5	11.5
1980-01-15	0	7	24.5	7
1980-01-16	0	3.6	25.5	8
1980-01-17	0	4.7	25	7.5
1980-01-18	0	2.4	28.5	5
1980-01-19	0	6.5	26.5	12
1980-01-20	0	4.5	22.5	13
1980-01-21	0	6.2	25.5	14
1980-01-22	0	3.3	21.5	9.5
1980-01-23	0	6.8	21	12
1980-01-24	0	2.5	21.5	12
1980-01-25	0	4.7	23	10.5
1980-01-26	0	6.2	24	12
1980-01-27	0	5.8	25	13
1980-01-28	0	4.2	24.5	12.5
1980-01-29	0	4.1	24	7.5
1980-01-30	0	5.9	24.5	5
1980-01-31	0	5.1	24	7.5
1980-02-01	0	4.4	24	7
1980-02-02	0	6	25	10
1980-02-03	0	6.2	25	14
1980-02-04	0	5.2	27.5	13
1980-02-05	0	5.2	27	12
1980-02-06	0	3.6	27.5	11
1980-02-07	0	5.1	31	13.5
1980-02-08	0	5.3	28	14
1980-02-09	0	5.2	24.5	15.5
1980-02-10	0	3.5	22	15
1980-02-11	0	3.7	20.5	16
1980-02-12	0	4.6	20	13.5
1980-02-13	0	2.8	25	15
1980-02-14	0	5.3	24.5	16
1980-02-15	0	4.3	27.5	17
1980-02-16	0	6.6	29.5	16
1980-02-17	0	5.7	26	17
1980-02-18	0	5.8	28.5	15
1980-02-19	0	7.1	30	14.5
1980-02-20	0	2.7	29.5	16
1980-02-21	0	6.8	27.5	15
1980-02-22	0	5.1	26.5	14
1980-02-23	0	6.5	26	15
1980-02-24	0	6.1	25	14
1980-02-25	0	5	26	13
1980-02-26	0	4.3	25.5	7.5
1980-02-27	0	5	26	8
1980-02-28	0	6.9	27	10
1980-02-29	0	5.1	22	11.5
1980-03-01	0	5.8	22	12
1980-03-02	0	5.1	27	13.5
1980-03-03	0	6.6	30	7.5
1980-03-04	0	5.7	26	10
1980-03-05	0	6.3	27	8
1980-03-06	0	5.9	28	5.5
1980-03-07	0	4.8	25	11
1980-03-08	0	5.8	24	11.5
1980-03-09	0	5.2	25	13
1980-03-10	0	5.3	26	14
1980-03-11	0	5.7	28.5	11.5
1980-03-12	0	7.5	32	10
1980-03-13	0	5.7	27	11.5
1980-03-14	0	6.2	26	10
1980-03-15	0	5.5	27	13
1980-03-16	0	6.9	29.5	11
1980-03-17	0	6.7	28.5	12.5
1980-03-18	0	6.2	29.5	13
1980-03-19	0	6.9	27.5	15
1980-03-20	0	5.4	24.5	15.5
1980-03-21	0	5.9	26	15
1980-03-22	0	6.1	28	14
1980-03-23	0	5	22.5	13
1980-03-24	0	4.5	24	10
1980-03-25	0	3.8	22	9.5
1980-03-26	0	5	26	10
1980-03-27	0	5.2	22	11.5
1980-03-28	0	5.9	23	7.5
1980-03-29	0	6.8	27	10
1980-03-30	0	6.1	25.5	11
1980-03-31	0	4.7	27	9.5
1980-04-01	0	6.9	29.5	13
1980-04-02	0	7.1	28	14
1980-04-03	0	5.9	26.5	13
1980-04-04	0	6.5	24	13.5
1980-04-05	0	6.4	27.5	14
1980-04-06	0	8.5	31	13
1980-04-07	0	6.8	30	14
1980-04-08	0	7.3	29	15
1980-04-09	0	7.3	30.5	10
1980-04-10	0	7.1	31	8.5
1980-04-11	0	9.2	34	10
1980-04-12	0	8.1	31.5	14
1980-04-13	0	7.6	30	14
1980-04-14	0	7.6	31	12.5
1980-04-15	0	6.9	28	13
1980-04-16	0	7.6	30	12
1980-04-17	0	7.2	30.5	15
1980-04-18	0	6.9	29	14
1980-04-19	0	9.2	34	13
1980-04-20	0	9.5	36	17
1980-04-21	0	7.9	33	18
1980-04-22	0	7.6	30	11.5
1980-04-23	0	9	33	12.5
1980-04-24	0	7.9	29	11
1980-04-25	0	6.5	25	10
1980-04-26	0	7	28	13
1980-04-27	0	8.9	31	12
1980-04-28	0	7.4	28	11
1980-04-29	0	8.2	27	13
1980-04-30	0	6.8	25.5	12
1980-05-01	0	6.8	27.5	15
1980-05-02	0	9.8	27.5	13.5
1980-05-03	0	8	26.5	15.5
1980-05-04	0	7	27	14.5
1980-05-05	0	7.8	28.5	13.5
1980-05-06	0	9.4	31	12.5
1980-05-07	0	6.9	32	12.5
1980-05-08	0	9	33	11
1980-05-09	0	11.7	32.5	12
1980-05-10	0	9	32	11.5
1980-05-11	0	5	26	12.5
1980-05-12	0	6.7	29.5	11.5
1980-05-13	0	8.6	30	14
1980-05-14	0	8.2	30	15.5
1980-05-15	0	7	26.5	14
1980-05-16	0	9.6	28	15.5
1980-05-17	0	10.5	31.5	16.5
1980-05-18	0	9.5	33	17
1980-05-19	0	5.3	33	16
1980-05-20	0	8.5	34	7.5
1980-05-21	0	11.9	34	11.5
1980-05-22	0	11.4	34	11.5
1980-05-23	0	10.4	32.5	12
1980-05-24	0	6.5	32.5	16.5
1980-05-25	0	9.5	30	16
1980-05-26	0	8.4	31.5	16.5
1980-05-27	0	5.7	33	17
1980-05-28	0	10	33.5	16.5
1980-05-29	0	11.1	32.5	14.5
1980-05-30	0	10.5	36	17.5
1980-05-31	0	3	34.5	17
1980-06-01	0	5.5	34.5	21
1980-06-02	0	9.4	35	20
1980-06-03	0	11.6	35.5	18
1980-06-04	0	11.6	36	14
1980-06-05	0	10.7	35.5	15
1980-06-06	0	10.1	34.5	16.5
1980-06-07	0	10.5	36	17
1980-06-08	0	12.5	37.5	17
1980-06-09	0	12.1	41	20
1980-06-10	0	9.8	39	21.5
1980-06-11	0	10.9	39	17
1980-06-12	0	8.1	35.5	16
1980-06-13	0	7	36.5	16
1980-06-14	0	6.5	35.5	20.5
1980-06-15	0	8.9	35	23
1980-06-16	0	11	37	22
1980-06-17	0	7.9	36.5	16.5
1980-06-18	0	12.2	35.5	17
1980-06-19	0	11.1	36.5	17
1980-06-20	0	14.3	36	15.5
1980-06-21	0	10	34.5	21.5
1980-06-22	0	9.5	35.5	17.5
1980-06-23	0	11.1	35	22
1980-06-24	0	10.9	35.5	23
1980-06-25	0	10.8	36	22
1980-06-26	0	10.4	37	20
1980-06-27	0	10.5	31.5	20
1980-06-28	0	13.4	37	21
1980-06-29	0	11.1	37	20
1980-06-30	0	13.2	37	20
1980-07-01	0	10	37	20
1980-07-02	0	13.1	37	21
1980-07-03	0	16.3	37	21
1980-07-04	0	12.7	36.5	21
1980-07-05	0	11.4	36	20.5
1980-07-06	0	16.5	38	20
1980-07-07	0	7.7	38.5	19.5
1980-07-08	0	14.5	38.5	23
1980-07-09	0	8.4	34.5	20.5
1980-07-10	0	9.3	35.5	22.5
1980-07-11	0	10	33.5	20
1980-07-12	0	8.3	37	21.5
1980-07-13	0	7.7	37.5	20.5
1980-07-14	0	10.7	36.5	23.5
1980-07-15	0	14.9	39	20.5
1980-07-16	0	12.8	37.5	20.5
1980-07-17	0	12.1	36	20.5
1980-07-18	0	7.2	35	19.5
1980-07-19	0	16	35	20
1980-07-20	0	8.1	NULO	NULO
1980-07-21	0	17.7	NULO	NULO
1980-07-22	0	13.6	NULO	NULO
1980-07-23	0	12.5	NULO	NULO
1980-07-24	0	13.5	NULO	NULO
1980-07-25	0	14.6	NULO	NULO
1980-07-26	0	12.1	NULO	NULO
1980-07-27	0	12.5	NULO	NULO
1980-07-28	0	9.2	NULO	NULO
1980-07-29	0	9.9	NULO	NULO
1980-07-30	0	5.4	34.5	22
1980-07-31	0	5.8	37	20.5
1980-08-01	0	12.9	37	20
1980-08-02	0	9.5	35.5	20
1980-08-03	0	13.5	37	21.5
1980-08-04	0	9.4	36.5	15
1980-08-05	0	11.5	36.5	21
1980-08-06	0	9.6	37.5	22
1980-08-07	0	10.7	38	21.5
1980-08-08	0	10.8	37	20
1980-08-09	0	NULO	35.5	23
1980-08-10	0	NULO	35	21.5
1980-08-11	0	NULO	35.5	20
1980-08-12	0	NULO	36	20.5
1980-08-13	0	NULO	35	20
1980-08-14	0	NULO	35	20
1980-08-15	0	NULO	34	20
1980-08-16	0	NULO	33.5	21
1980-08-17	0	NULO	35	24
1980-08-18	0	NULO	35	20
1980-08-19	0	NULO	34.5	23.5
1980-08-20	0	NULO	34.5	22
1980-08-21	0	NULO	34.5	20.5
1980-08-22	8	8	34	20
1980-08-23	0	8.5	35	20
1980-08-24	0	10.5	36	23
1980-08-25	0	9.3	35.5	23
1980-08-26	0	7	36	20.5
1980-08-27	0	9.7	36	21
1980-08-28	0	7.9	36	20.5
1980-08-29	0	11.6	37	20
1980-08-30	0	11.5	39	23
1980-08-31	0	8.5	37	20.5
1980-09-01	0	7.6	36	21.5
1980-09-02	0	6.9	35	20.5
1980-09-03	0	6.7	34.5	20.5
1980-09-04	0	NULO	35.5	24.5
1980-09-05	0	NULO	35.5	23.5
1980-09-06	0	NULO	36.5	24
1980-09-07	0	NULO	37	23
1980-09-08	0	NULO	35	23.5
1980-09-09	0	NULO	34.5	20.5
1980-09-10	0	5.7	35.5	19
1980-09-11	0	8.7	34	19
1980-09-12	0	10.1	35.5	20
1980-09-13	0	12.5	36.5	21
1980-09-14	0	10.5	35.5	21
1980-09-15	0	10	36	24
1980-09-16	0	11.3	37	21.5
1980-09-17	0	9.9	37	21.5
1980-09-18	0	9.8	35.5	21.5
1980-09-19	0	9.5	36	22.5
1980-09-20	0	9.5	37.5	23
1980-09-21	0	9.5	35.5	21.5
1980-09-22	0	9.8	35.5	20
1980-09-23	0	10.8	35	20.5
1980-09-24	0	11.5	36	20
1980-09-25	0	10.6	34	19
1980-09-26	0	9.7	33	18
1980-09-27	0	8.5	31.5	17
1980-09-28	79	NULO	30	20
1980-09-29	0	NULO	30.5	19
1980-09-30	0	7.1	32	20.5
1980-10-01	0	5.6	34	21.5
1980-10-02	0	6.6	34.5	20.5
1980-10-03	0	9.7	34.5	21.5
1980-10-04	0	8.5	34.5	22
1980-10-05	0	12	37	21.5
1980-10-06	0	9.1	36	21
1980-10-07	0	8.9	37	19.5
1980-10-08	0	6.8	33	12
1980-10-09	0	8.2	32	17.5
1980-10-10	0	6.5	31	18
1980-10-11	0	7.5	31.5	20
1980-10-12	0	8.5	32.5	20
1980-10-13	0	8.3	33.5	21
1980-10-14	0	6.3	33.5	21.5
1980-10-15	0	7.7	29.5	21
1980-10-16	0	9.2	30.5	20
1980-10-17	0	11.7	30.5	19.5
1980-10-18	0	7	29	17.5
1980-10-19	0	5.5	34	20
1980-10-20	0	8.7	30.5	19.5
1980-10-21	0	8.2	31.5	19
1980-10-22	0	8.7	31.5	20
1980-10-23	0	4.9	31	21
1980-10-24	0	8	32	19.5
1980-10-25	0	8.5	33.5	19.5
1980-10-26	0	7.9	33.5	16
1980-10-27	0	9.3	31	19.5
1980-10-28	0	7.4	29	20.5
1980-10-29	0	5	29	20
1980-10-30	0	7.8	29.5	20
1980-10-31	0	8.2	29.5	21
1980-11-01	0	6.5	29	17.5
1980-11-02	0	5.5	30.5	16.5
1980-11-03	0	7.3	30.5	16.5
1980-11-04	0	5.4	30	12
1980-11-05	0	7.9	30.5	11.5
1980-11-06	0	6.9	33	12
1980-11-07	0	6.8	33.5	10.5
1980-11-08	0	7.5	34	11.5
1980-11-09	0	6.5	33.5	16
1980-11-10	0	6	32.5	17.5
1980-11-11	0	8.4	32	14.5
1980-11-12	0	5.4	32.5	14.5
1980-11-13	0	5.8	29.5	16.5
1980-11-14	0	4.9	28	20
1980-11-15	0	3	26	18
1980-11-16	0	4	23.5	17
1980-11-17	0	7.3	26	10.5
1980-11-18	0	7.9	25	13.5
1980-11-19	0	5.2	24.5	13
1980-11-20	0	4.2	24.5	10.5
1980-11-21	0	6.3	25.5	9.5
1980-11-22	0	4.5	24.5	14.5
1980-11-23	0	5.5	25.5	13.5
1980-11-24	0	6.4	28.5	13
1980-11-25	0	7.8	28	13.5
1980-11-26	0	8.2	24	16
1980-11-27	0	6.6	25	16.5
1980-11-28	0	5.5	25	14
1980-11-29	0	4.5	26	13
1980-11-30	0	7.5	27	13
1980-12-01	0	4.4	27	11.5
1980-12-02	0	2.9	26	10
1980-12-03	0	3.1	27	7
1980-12-04	0	5	29	7
1980-12-05	0	9	27.5	10
1980-12-06	0	4.5	24.5	12.5
1980-12-07	0	5.5	22	11.5
1980-12-08	0	4.6	23	11
1980-12-09	0	5.5	22.5	10.5
1980-12-10	0	5.2	23.5	12
1980-12-11	0	3.1	23	11.5
1980-12-12	0	4.6	25	13.5
1980-12-13	0	4.5	23	10
1980-12-14	0	6.5	23.5	12.5
1980-12-15	0	2.7	25	13
1980-12-16	0	4.1	24	9
1980-12-17	0	5.9	25	8
1980-12-18	0	4	27.5	7
1980-12-19	0	4.4	27	12
1980-12-20	0	3.5	25.5	12.5
1980-12-21	0	4.5	25.5	13
1980-12-22	0	4.5	24	11
1980-12-23	0	5.5	27.5	14.5
1980-12-24	0	6.5	26	12
1980-12-25	0	5.5	24.5	11.5
1980-12-26	0	5.5	26	10
1980-12-27	0	4	28	13.5
1980-12-28	0	7	27.5	13
1980-12-29	0	7.2	26	12.5
1980-12-30	0	6.2	26	9
1980-12-31	0	6	26	7
1981-01-01	0	3.8	25	7
1981-01-02	0	6.3	27	6
1981-01-03	0	5.5	27	11.5
1981-01-04	5	1	25.5	10
1981-01-05	15.6	5	24	12
1981-01-06	8.7	0.3	27	11.5
1981-01-07	0	3.7	26	14.5
1981-01-08	0	1.9	22	11.5
1981-01-09	0	2.9	21.5	11.5
1981-01-10	2	2.4	24	10
1981-01-11	12	7.1	24.5	10
1981-01-12	0	5	24	11.5
1981-01-13	0	2.7	25	10.5
1981-01-14	0	3.8	22	10
1981-01-15	0	2	21.5	10
1981-01-16	8.4	1.8	21.5	11.5
1981-01-17	0	3.5	22	12
1981-01-18	0	3.5	22.5	15
1981-01-19	0	3.2	22.5	15.5
1981-01-20	0	3.4	22.5	12.5
1981-01-21	0	2.8	22	11.5
1981-01-22	0	3	23.5	12.5
1981-01-23	0	4.1	23.5	12.5
1981-01-24	0	4.5	24	11.5
1981-01-25	2	5.5	24.5	12.5
1981-01-26	8.9	1.3	20.5	11.5
1981-01-27	0	1.7	21	9
1981-01-28	0	3.9	23	5.5
1981-01-29	0	3.9	22	5
1981-01-30	0	4.1	23.5	5
1981-01-31	0	4.5	22.5	10
1981-02-01	0	8.5	20.5	12
1981-02-02	0	3.2	22.5	12.5
1981-02-03	0	3.8	23	11.5
1981-02-04	0	9.2	23	11
1981-02-05	0	4	23.5	12.5
1981-02-06	0	5	24.5	11.5
1981-02-07	0	5.5	26	12.5
1981-02-08	0	6.5	26.5	13
1981-02-09	0	5.3	27	11.5
1981-02-10	0	6.1	24	10
1981-02-11	0	7.3	25	10.5
1981-02-12	0	7	26	11
1981-02-13	0	6.8	26.5	12
1981-02-14	0	6.5	26.5	10.5
1981-02-15	0	7.5	28.5	11.5
1981-02-16	0	7	28.5	10.5
1981-02-17	0	4.7	29.5	12.5
1981-02-18	0	5.9	27	14.5
1981-02-19	0	4.4	26	14.5
1981-02-20	0	6.4	28	11.5
1981-02-21	0	4.7	27.5	13.5
1981-02-22	0	7.5	26	11
1981-02-23	0	3.5	27	14
1981-02-24	0	7.1	29	10
1981-02-25	0	8.1	29	10
1981-02-26	0	6.3	28	12
1981-02-27	2.5	1.9	23	14
1981-02-28	0	1.5	23	12.5
1981-03-01	0	4.5	25	17
1981-03-02	5.9	2.3	23	14.5
1981-03-03	0	5	23	16
1981-03-04	0	6.2	24	15
1981-03-05	0	2.1	23.5	16
1981-03-06	0	4.3	21.5	11.5
1981-03-07	0	8	22	11
1981-03-08	0	4	22.5	13
1981-03-09	0	7.5	24.5	13.5
1981-03-10	0	5.5	26	12.5
1981-03-11	0	7.5	26	14
1981-03-12	0	5.5	26	11.5
1981-03-13	0	5.5	25.5	12
1981-03-14	0	10.5	23.5	11
1981-03-15	0	7	22	14
1981-03-16	0	6	25	13
1981-03-17	0	7.6	29	13.5
1981-03-18	0	6.6	29.5	11
1981-03-19	0	10.4	31	11
1981-03-20	0	5.4	26.5	13
1981-03-21	0	5.6	25.5	10
1981-03-22	0	9.4	26	12.5
1981-03-23	0	8.7	29	12
1981-03-24	0	8.4	31	13
1981-03-25	0	8.4	29.5	10
1981-03-26	0	3.3	32	10
1981-03-27	0	7.1	26.5	12
1981-03-28	0	3.5	23	11
1981-03-29	0	5.5	24	12
1981-03-30	0	5.3	27.5	14
1981-03-31	0	13.1	26.5	11
1981-04-01	0	11.6	27.5	12.5
1981-04-02	0	5.4	27	13.5
1981-04-03	0	5.4	23	15
1981-04-04	0	13.5	26	14.5
1981-04-05	0	9.5	28	14.5
1981-04-06	0	7	33	13.5
1981-04-07	0	7.2	31	14.5
1981-04-08	0	8	32	13.5
1981-04-09	0	8.2	34	11
1981-04-10	0	9.1	34.5	12.5
1981-04-11	0	8.5	34	12.5
1981-04-12	0	7.5	35	12
1981-04-13	0	12.1	34	19.5
1981-04-14	0	8.4	34	14.5
1981-04-15	0	9	31	20
1981-04-16	0	10.9	32	19
1981-04-17	0	11.1	35	18
1981-04-18	0	11.5	33	21
1981-04-19	0	8.5	29	20
1981-04-20	0	6.8	31	18.5
1981-04-21	0	11	26.5	11
1981-04-22	0	6	24	11
1981-04-23	0	NULO	26	10
1981-04-24	0	NULO	28	10.5
1981-04-25	0	NULO	32.5	14
1981-04-26	0	7.5	30.5	15
1981-04-27	0	14	31	14
1981-04-28	0	8.9	27.5	14
1981-04-29	0	9.1	25.5	15
1981-04-30	0	8	27.5	15.5
1981-05-01	0	5.5	27	16
1981-05-02	0	7.5	25.5	17
1981-05-03	0	9.5	28.5	15
1981-05-04	0	6.7	30	10.5
1981-05-05	0	10.1	31	13
1981-05-06	0	9.9	32	10
1981-05-07	0	6	30	11
1981-05-08	0	3	29	11.5
1981-05-09	0	4.4	30	16
1981-05-10	0	9.5	33	17
1981-05-11	0	9.3	31	16.5
1981-05-12	0	7.4	30	16.5
1981-05-13	0	6.4	32	17
1981-05-14	0	11.3	31	15
1981-05-15	0	6.1	28	16
1981-05-16	0	7.5	30.5	15
1981-05-17	0	7.5	30.5	16
1981-05-18	0	10.8	31	16.5
1981-05-19	0	7.4	34.5	11.5
1981-05-20	0	10.1	35	12.5
1981-05-21	0	7.3	33.5	14.5
1981-05-22	0	5.8	33.5	14
1981-05-23	0	5	32	10
1981-05-24	0	8.5	30.5	17
1981-05-25	0	11.3	30	16
1981-05-26	0	10.1	31	16
1981-05-27	0	11.9	31.5	17
1981-05-28	0	8.3	30	16
1981-05-29	0	7.4	30.5	15
1981-05-30	0	10.5	31	16.5
1981-05-31	0	7.4	32	17
1981-06-01	0	2.1	31	18.5
1981-06-02	0	9.5	32	17.5
1981-06-03	0	6.3	32.5	11.5
1981-06-04	0	10	32	11
1981-06-05	0	NULO	30	11.5
1981-06-06	0	NULO	31	17
1981-06-07	0	8.5	31.5	17
1981-06-08	0	8.5	32.5	19
1981-06-09	0	9.1	31.5	17
1981-06-10	0	9.1	31.5	18
1981-06-11	0	9.2	31	18
1981-06-12	0	8.1	30.5	18
1981-06-13	0	6.5	30.5	17
1981-06-14	0	11.5	30	18.5
1981-06-15	0	9.5	30	18
1981-06-16	0	7.9	31	17
1981-06-17	0	7.9	32	15
1981-06-18	0	9.7	34.5	14.5
1981-06-19	0	12.5	36	18
1981-06-20	0	12.5	35.5	19
1981-06-21	0	10.5	36	19
1981-06-22	0	15.1	34	20
1981-06-23	0	10.7	36.5	20
1981-06-24	0	4.9	36.5	19.5
1981-06-25	0	12.5	36	20
1981-06-26	0	9.1	36.5	20
1981-06-27	0	8.5	34.5	21.5
1981-06-28	0	9.5	35.5	20
1981-06-29	0	NULO	36	21.5
1981-06-30	0	NULO	35	18
1981-07-01	0	12.1	35	19
1981-07-02	0	8.9	35	20
1981-07-03	0	10.1	35.5	20
1981-07-04	0	11.4	33.5	21
1981-07-05	0	8.5	35	21
1981-07-06	0	7.5	35.5	22
1981-07-07	0	8.6	35.5	23
1981-07-08	0	8.6	35	20
1981-07-09	0	11.1	34.5	20
1981-07-10	0	8.6	31	23
1981-07-11	0	6.7	33.5	23
1981-07-12	0	6.5	35	23
1981-07-13	0	12.6	36	24
1981-07-14	0	11.1	36	20
1981-07-15	0	12.1	36.5	20
1981-07-16	0	11.4	37	19
1981-07-17	0	10.3	36	20
1981-07-18	0	6.5	33	18.5
1981-07-19	0	5.5	33.5	21
1981-07-20	0	11.3	37.5	15.5
1981-07-21	0	11.2	38	16.5
1981-07-22	0	7.9	36.5	15
1981-07-23	0	NULO	36	20
1981-07-24	0	NULO	36	20
1981-07-25	0	NULO	37	20
1981-07-26	0	NULO	36	23.5
1981-07-27	0	NULO	35	20
1981-07-28	0	NULO	36	19
1981-07-29	0	NULO	36	20
1981-07-30	0	8.6	36	20
1981-07-31	0	10.9	37	20
1981-08-01	0	12.5	37.5	23
1981-08-02	0	10	38.5	24
1981-08-03	0	8	37.5	24.5
1981-08-04	0	7	31.5	23.5
1981-08-05	0	10.8	37.5	24
1981-08-06	0	5.1	36.5	23
1981-08-07	0	NULO	36.5	25
1981-08-08	NULO	NULO	NULO	NULO
1981-08-09	0	NULO	NULO	NULO
1981-08-10	0	NULO	36	23
1981-08-11	NULO	NULO	NULO	NULO
1981-08-12	0	NULO	NULO	NULO
1981-08-13	0	NULO	37	20
1981-08-14	0	NULO	35	20.5
1981-08-15	0	NULO	35	23
1981-08-16	0	11.5	35	24
1981-08-17	0	8.5	36	21
1981-08-18	0	8.5	35	20
1981-08-19	0	4.5	36.5	20
1981-08-20	0	10	37	20
1981-08-21	0	16	36.5	23
1981-08-22	0	8.5	34	23
1981-08-23	0	10.7	38.5	24
1981-08-24	0	8.1	36	24
1981-08-25	0	7.1	36	17.5
1981-08-26	0	7	36	21
1981-08-27	0	3.8	37	22
1981-08-28	0	NULO	38.5	17
1981-08-29	0	NULO	30.5	23
1981-08-30	29	NULO	36.5	20
1981-08-31	0	NULO	36.5	24
1981-09-01	0	NULO	34.5	23
1981-09-02	0	NULO	36	22.5
1981-09-03	0	NULO	34	20
1981-09-04	0	NULO	34.5	23
1981-09-05	0	NULO	33.5	22
1981-09-06	0	NULO	32	20
1981-09-07	0	NULO	33.5	20
1981-09-08	0	NULO	34.5	21
1981-09-09	0	NULO	35.5	21
1981-09-10	0	NULO	36	21
1981-09-11	0	NULO	34.5	21
1981-09-12	0	NULO	35	20
1981-09-13	0	NULO	36	23
1981-09-14	0	NULO	38	23
1981-09-15	0	NULO	37.5	24
1981-09-16	0	NULO	35.5	24
1981-09-17	0	NULO	35	26
1981-09-18	0	NULO	36.5	26
1981-09-19	2.5	NULO	33	25
1981-09-20	8	NULO	32	26
1981-09-21	6	NULO	30	22
1981-09-22	0	NULO	30	18
1981-09-23	0	NULO	35	19
1981-09-24	0	NULO	36	20
1981-09-25	0	NULO	37	19
1981-09-26	0	NULO	36	20
1981-09-27	0	NULO	36.5	23
1981-09-28	0	NULO	37	22
1981-09-29	0	NULO	37	20
1981-09-30	0	NULO	35	20
1981-10-01	0	NULO	35	22
1981-10-02	0	NULO	32.5	22
1981-10-03	0	NULO	35	22
1981-10-04	0	NULO	33.5	23
1981-10-05	15	NULO	33	23
1981-10-06	0	NULO	30	19
1981-10-07	69.5	NULO	30	19
1981-10-08	0	NULO	31.5	18.5
1981-10-09	0	NULO	32	25
1981-10-10	0	NULO	33.5	18.5
1981-10-11	0	NULO	30	20
1981-10-12	0	NULO	33	20
1981-10-13	0	NULO	33	22
1981-10-14	0	NULO	31.5	22
1981-10-15	0	NULO	32	23
1981-10-16	0	NULO	30.5	22
1981-10-17	NULO	NULO	NULO	NULO
1981-10-18	0	NULO	NULO	NULO
1981-10-19	NULO	NULO	NULO	NULO
1981-10-23	0	NULO	NULO	NULO
1981-10-24	0	NULO	31	19
1981-10-25	0	NULO	31.5	18
1981-10-26	0	NULO	30.5	20
1981-10-27	0	NULO	30	20
1981-10-28	0	NULO	30.5	21
1981-10-29	0	NULO	29	17.5
1981-10-30	0	NULO	29	21
1981-10-31	0	NULO	29	22
1981-11-01	0	5.5	29	20
1981-11-02	0	6.5	30	19
1981-11-03	0	4.5	30	19
1981-11-04	0	7.3	31	17
1981-11-05	0	6.2	30	16
1981-11-06	0	7.5	31.5	15
1981-11-07	0	3.5	33	19
1981-11-08	0	5.3	29	20
1981-11-09	0	5.1	28.5	20
1981-11-10	0	3.7	29.5	17.5
1981-11-11	0	5.2	29	18.5
1981-11-12	0	4.7	28.5	17
1981-11-13	0	4.5	29	18.5
1981-11-14	0	5	29.5	17
1981-11-15	0	5.7	30	16.5
1981-11-16	0	5.1	32	17
1981-11-17	0	3.8	31	14
1981-11-18	0	4.4	30.5	11
1981-11-19	0	3.8	28	9
1981-11-20	0	4.7	27	11
1981-11-21	0	5.5	27.5	11.5
1981-11-22	0	2.2	27.5	12.5
1981-11-23	0	7.5	28.5	14.5
1981-11-24	0	3.5	31.5	15
1981-11-25	0	5.2	27.5	14
1981-11-26	0	NULO	24.5	13
1981-11-27	0	NULO	26.5	12
1981-11-28	0	NULO	25	12.5
1981-11-29	0	NULO	26	16
1981-11-30	0	NULO	25	14.5
1982-01-07	0	4.6	22	12.5
1982-01-08	0	6.5	20	13
1982-01-09	0	4.5	22.5	13
1982-01-10	0	3.5	22	12.5
1982-01-11	0	1.5	22	12
1982-01-12	0	6.2	20.5	16.5
1982-01-13	0	3.9	22	15
1982-01-14	0	5.1	21	8.5
1982-01-15	0	4.9	22.5	9.5
1982-01-16	0	5.5	21.5	10
1982-01-17	0	4.5	25	11.5
1982-01-18	0	4.6	24.5	13
1982-01-19	0	5.7	24.5	15
1982-01-20	0	1.7	27	17.5
1982-01-21	0	2.6	27.5	18
1982-01-22	0	6.9	23.1	14.5
1982-01-23	0	7.3	20.5	15.5
1982-01-24	0	3.7	21.5	13
1982-01-25	0	4	22	12
1982-01-26	0	3.7	28.5	11
1982-01-27	0	6.3	29	10.5
1982-01-28	0	4.9	28	10
1982-01-29	0	5.1	27	8
1982-01-30	0	1.5	20	13.5
1982-01-31	0	6.5	22	13.5
1982-02-01	0	5.3	22.5	12
1982-02-02	0	9.3	21.5	16.5
1982-02-03	0	7.8	21.5	13.5
1982-02-04	0	6.1	26	17.5
1982-02-05	0	5.5	25.5	13.5
1982-02-06	0	8.5	22	16
1982-02-07	0	7.5	24	13.5
1982-02-08	0	6.6	23	12.5
1982-02-09	0	6.1	22.5	9.5
1982-02-10	0	7.2	26	10.5
1982-02-11	0	8.7	27	9.5
1982-02-12	0	6.9	25	8.5
1982-02-13	0	8.3	24.5	13
1982-02-14	0	3.5	27	11
1982-02-15	0	9.1	27	13.5
1982-02-16	0	8.2	27.5	12
1982-02-17	0	6.1	27.5	12.5
1982-02-18	0	6.9	28.5	12.5
1982-02-19	0	6.2	25	15
1982-02-20	0	8.5	24	12
1982-02-21	0	12.5	26.5	12.5
1982-02-22	0	6	30	13.5
1982-02-23	0	9.9	30	10.5
1982-02-24	0	8.6	28	9.5
1982-02-25	0	9.5	26	11
1982-02-26	0	4.9	25	9
1982-02-27	0	6.7	26	14
1982-02-28	0	4	27	13
1982-03-01	0	7.6	25.5	13
1982-03-02	0	4.2	31.5	15
1982-03-03	0	7.6	28.5	13
1982-03-04	0	5.2	26	14
1982-03-05	0	9.3	26	13.5
1982-03-06	0	11.5	25	12
1982-03-07	0	7	24.5	13
1982-03-08	0	12	22	12
1982-03-09	0	11.5	28	11
1982-03-10	0	7.6	29	10
1982-03-11	0	13.9	30	9
1982-03-12	0	13.1	30	10.5
1982-03-13	0	9.5	27	11.5
1982-03-14	0	10.5	28	14
1982-03-15	0	7.1	24	16
1982-03-16	0	10.2	25.5	12
1982-03-17	0	12.9	26	13
1982-03-18	0	9.4	25.5	14.5
1982-03-19	0	13.4	23.5	13.5
1982-03-20	0	9.5	24	10
1982-03-21	0	7	24.5	14
1982-03-22	0	8.1	25	16.5
1982-03-23	0	13.6	26	14.5
1982-03-24	0	11.9	27	13
1982-03-25	0	10.8	28	13
1982-03-26	0	11.5	32.5	12
1982-03-27	0	12.5	29	13
1982-03-28	0	7.5	29	17.5
1982-03-29	0	NULO	29.5	16
1982-03-30	0	NULO	25	14.5
1982-03-31	0	NULO	26	15
1982-04-01	0	NULO	34	17.5
1982-04-02	0	NULO	36.5	16.5
1982-04-03	0	NULO	28	15.5
1982-04-04	0	NULO	29.5	14
1982-04-05	0	NULO	30	14.5
1982-04-06	0	NULO	31	11.5
1982-04-07	0	NULO	32	10.5
1982-04-08	0	NULO	31.5	10
1982-04-09	0	NULO	32.5	11.5
1982-04-10	0	NULO	31	17.5
1982-04-11	0	NULO	34.5	18.5
1982-04-12	0	NULO	31.5	20.5
1982-04-13	0	NULO	35	19.5
1982-04-14	0	NULO	37	20
1982-04-15	0	NULO	33	20
1982-04-16	0	NULO	30	18
1982-04-17	0	NULO	32	16
1982-04-18	0	NULO	31	16
1982-04-19	0	NULO	32	16
1982-04-20	0	12.5	32.5	13
1982-04-21	0	15.4	30	12
1982-04-22	0	11.8	29.5	12
1982-04-23	0	13.3	28.5	13.5
1982-04-24	0	11.5	30.5	14.5
1982-04-25	0	12.5	33	17.5
1982-04-26	0	10.6	34.5	14.5
1982-04-27	0	9.3	35.5	17.5
1982-04-28	0	10.6	28.5	12
1982-04-29	0	8.1	32	13
1982-04-30	0	10.1	31	16
1982-05-01	0	8.1	30	17.5
1982-05-02	0	8.1	28	17
1982-05-03	0	4.5	37	17
1982-05-04	0	10.5	38	12
1982-05-05	0	8.9	36	12
1982-05-06	0	11.8	30	11
1982-05-07	0	8.2	31.5	11
1982-05-08	0	8.9	32	15
1982-05-09	0	3.5	30.5	16.5
1982-05-10	0	8.4	30.5	17
1982-05-11	0	6.8	28.5	17
1982-05-12	0	6.9	25.5	16
1982-05-13	0	6.6	28	15.5
1982-05-14	0	9.8	31	14
1982-05-15	0	6.5	33.5	15
1982-05-16	0	8	34	17
1982-05-17	0	9.5	34	14
1982-05-18	0	10	34	14
1982-05-19	0	9	35	15
1982-05-20	0	5.6	33	12
1982-05-21	0	9.5	35.5	12
1982-05-22	0	6.9	35	18
1982-05-23	0	9	35	18
1982-05-24	0	6.8	29.5	16.5
1982-05-25	0	6.1	26.5	17
1982-05-26	0	4.8	28	17
1982-05-27	0	4.9	28.5	17
1982-05-28	0	9.6	30	16
1982-05-29	0	6.9	32.5	16
1982-05-30	0	8.1	33	15
1982-05-31	0	14.5	30	14.5
1982-06-01	0	13.5	36	16
1982-06-02	0	4.5	35.5	13.5
1982-06-03	0	12.5	34.5	17
1982-06-04	0	10.5	35.5	14.5
1982-06-05	0	11.5	35.5	19.5
1982-06-06	0	10.5	30.5	18.5
1982-06-07	0	12.4	34.5	17.5
1982-06-08	0	10.6	35.5	18.5
1982-06-09	0	14.7	37	20
1982-06-10	0	14.5	37.5	22.5
1982-06-11	0	12.4	36	23
1982-06-12	0	10.5	36.5	21
1982-06-13	0	14.5	38	20.5
1982-06-14	0	15.6	37.5	19.5
1982-06-15	0	9.9	35.5	15
1982-06-16	0	9.6	35	15
1982-06-17	0	13.3	35.5	14
1982-06-18	0	15.1	34.5	15
1982-06-19	0	13.5	36	18
1982-06-20	0	14.5	37.5	18.5
1982-06-21	0	12.9	36.5	20
1982-06-22	0	13.6	37.5	22
1982-06-23	0	11.1	37	21.5
1982-06-24	0	9	38	22
1982-06-25	0	12	37.5	21.5
1982-06-26	0	11.6	39	22
1982-06-27	0	11.5	37	17.5
1982-06-28	0	10.8	36	11.5
1982-06-29	0	12.1	36	13.5
1982-06-30	0	11.8	36	13
1982-07-01	0	9.3	36	12
1982-07-02	0	10.7	36	15
1982-07-03	0	7.3	35	15
1982-07-04	2.5	6.5	37	19
1982-07-05	0	8.9	33.5	21
1982-07-06	0	10.6	35.5	25
1982-07-07	0	9.1	36	24
1982-07-08	0	11.8	36	23
1982-07-09	0	10	36	25
1982-07-10	0	8.7	35.5	24.5
1982-07-11	0	11.3	36	23
1982-07-12	0	13.5	37	18
1982-07-13	0	9.2	36	17
1982-07-14	0	15.2	38	19
1982-07-15	0	16.2	37	19
1982-07-16	0	12.8	38.5	20
1982-07-17	0	11.7	37	18.5
1982-07-18	0	10.4	36	16
1982-07-19	26	1.7	34.5	17
1982-07-20	0	5.2	35.5	20.5
1982-07-21	15.5	5	35.5	21
1982-07-22	0	2.2	35.5	24
1982-07-23	0	11.3	37	22
1982-07-24	0	13.3	37	21
1982-07-25	0	8.2	34	24
1982-07-26	0	8.9	35	25
1982-07-27	0	9.2	34.5	20
1982-07-28	0	7.1	36	21
1982-07-29	0	8.2	36	20
1982-07-30	0	10.5	38	20
1982-07-31	0	10.6	37	22.5
1982-08-01	0	11.5	38	24.5
1982-08-02	0	8.5	35	23
1982-08-03	0	7.5	35	27
1982-08-04	0	3.5	35.5	26
1982-08-05	0	12.5	36	25
1982-08-06	0	11.5	36.5	25
1982-08-07	0	10.5	37.5	25
1982-08-08	0	13.5	37.5	25
1982-08-09	0	11.5	35	24
1982-08-10	0	6.4	37	21
1982-08-11	0	9.4	35	21
1982-08-12	0	7.9	34	20.5
1982-08-13	0	10	37	20
1982-08-14	0	3.5	35.5	23
1982-08-15	0	11.5	35	23
1982-08-16	0	10.6	36.5	20.5
1982-08-17	0	8.7	36.5	24
1982-08-18	0	11.9	38	26
1982-08-19	0	10.3	38	26
1982-08-20	0	9.5	35.5	25
1982-08-21	0	8.5	35.5	27
1982-08-22	0	11.5	37	25
1982-08-23	2	6.6	34.5	24
1982-08-24	0	9.4	35	20
1982-08-25	0	5.7	36	21
1982-08-26	0	12	36	21
1982-08-27	0	12	36	21
1982-08-28	0	8	37.5	25
1982-08-29	0	5.3	37.5	24
1982-08-30	0	5.3	38	23
1982-08-31	0	10.5	37.5	24
1982-09-01	0	7	37.5	24
1982-09-02	0	7.5	37.5	25
1982-09-03	0	8.5	38.5	25
1982-09-04	0	6	38	26
1982-09-05	0	11.5	37	24
1982-09-06	0	9.5	36.5	24
1982-09-07	0	9.5	36.5	25.5
1982-09-08	0	11.5	35	26
1982-09-09	0	8.5	35.5	26.5
1982-09-10	0	9.5	36	20.5
1982-09-11	0	9.4	35	25
1982-09-12	0	10.3	34.5	24
1982-09-13	0	8.4	35	23
1982-09-14	0	11.9	36.5	20
1982-09-15	0	7.7	37	24
1982-09-16	0	9.1	36.5	26
1982-09-17	0	10.4	35	25
1982-09-18	0	8.9	35	25
1982-09-19	0	8.5	36.5	25
1982-09-20	0	9.5	36.5	22.5
1982-09-21	0	9.1	35.5	21.5
1982-09-22	0	10.8	36.5	22
1982-09-23	0	6.7	35	23
1982-09-24	0	12	35.5	23
1982-09-25	0	8.5	36	24
1982-09-26	0	8.5	36	25
1982-09-27	0	10.7	36.5	25
1982-09-28	25.5	5.8	32.5	25.5
1982-09-29	171.7	NULO	34	24
1982-09-30	0	NULO	34	23
1982-10-01	0	6.1	28.5	19
1982-10-02	0	6.2	29	20
1982-10-03	0	5.5	31.5	20
1982-10-04	0	7.5	33.5	20
1982-10-05	0	8.5	35	21
1982-10-06	0	6.9	34	18
1982-10-07	0	7.3	34	18
1982-10-08	0	7.9	34.5	18.5
1982-10-09	0	9.4	30.5	21
1982-10-10	0	6.5	30	20
1982-10-11	0	7.5	30	22
1982-10-12	0	5.4	33	20
1982-10-13	0	7.8	29.5	20
1982-10-14	0	8.1	30	20
1982-10-15	0	NULO	30.5	20.5
1982-10-16	0	NULO	31.5	19.5
1982-10-17	0	NULO	33.5	20
1982-10-18	0	7	34	21
1982-10-19	0	6.3	34	20
1982-10-20	0	9.3	33	17
1982-10-21	0	6.1	33	16
1982-10-22	0	4.7	31.5	17.5
1982-10-23	0	9.1	33.5	19.5
1982-10-24	0	6.5	33.5	19
1982-10-25	0	10.9	34	20
1982-10-26	0	4.8	34.5	19.5
1982-10-27	0	6.6	35	22
1982-10-28	0	8.8	30	21
1982-10-29	0	5.3	29.5	20.5
1982-10-30	0	5.5	31.5	20
1982-10-31	0	3	31.5	20
1982-11-01	0	5	30	19.5
1982-11-02	0	5	28.5	19
1982-11-03	0	5.8	29	20
1982-11-04	0	9.3	29.5	18
1982-11-05	0	7.8	28.5	19.5
1982-11-06	0	4.6	28.5	19
1982-11-07	0	6.5	31	17
1982-11-08	0	2.8	29.5	17
1982-11-09	0	4.8	29.5	18
1982-11-10	0	4	30.5	21
1982-11-11	0	5	27	21
1982-11-12	0	9.4	26.5	20
1982-11-13	0	4.5	27	19
1982-11-14	0	5.5	27.5	19
1982-11-15	0	3.9	28	19.5
1982-11-16	0	4.2	28	14
1982-11-17	3.5	2.3	27.5	13
1982-11-18	0	5.6	27	16
1982-11-19	0	4.5	28	15
1982-11-20	0	4.5	27	16
1982-11-21	0	1.6	25.5	16
1982-11-22	0	3.7	27	16
1982-11-23	0	4.6	28.5	16.5
1982-11-24	5.1	2.5	28	14
1982-11-25	41.8	4.4	24.5	17
1982-11-26	0	3.9	24.5	15.5
1982-11-27	0	3.1	25	16
1982-11-28	0	2.5	25	15
1982-11-29	0	4	24	15.5
1982-11-30	0	2.9	25	14
1982-12-01	0	4.9	25	12
1982-12-02	0	6.9	25	12
1982-12-03	0	4.9	22.5	11
1982-12-04	0	9.4	23.5	14
1982-12-05	0	3.5	22.5	14.5
1982-12-06	0	2.5	23	14
1982-12-07	0	6.3	25.5	13
1982-12-08	37	5.7	24.5	16
1982-12-09	0	3.3	26	18
1982-12-10	0	2.2	24.5	18.5
1982-12-11	0	4.5	24	16
1982-12-12	0	3.5	25	17
1982-12-13	0	1.8	24	15
1982-12-14	0	3.7	24	11
1982-12-15	0	3.2	26	13
1982-12-16	0	5.1	24	13
1982-12-17	0	4.2	25.5	14
1982-12-18	0	3.5	26	15
1982-12-19	0	6.1	25	15
1982-12-20	0	4.7	28	13
1982-12-21	0	4.1	28.5	17
1982-12-22	0	5	27	15
1982-12-23	0	5.4	26	16
1982-12-24	12	2.2	21.5	14
1982-12-25	0	1.6	19.5	10
1982-12-26	0	5.4	20	12
1982-12-27	0	1.9	20.5	11
1982-12-28	0	2.8	22	8
1982-12-29	0	3.1	21	10
1982-12-30	0	2.2	23	9
1982-12-31	0	7.1	21	7
1983-01-01	0	2.5	20.5	14
1983-01-02	0	3.5	21.5	12
1983-01-03	0	2.4	22	13
1983-01-04	0	2.5	23	14
1983-01-05	0	NULO	23.5	14
1983-01-06	0	NULO	24.5	12
1983-01-07	0	4.3	25	13
1983-01-08	0	5.5	25	12.5
1983-01-09	0	2.5	24	13
1983-01-10	0	3.4	24	14
1983-01-11	0	0.8	23	12
1983-01-12	16	3	20	13
1983-01-13	3	3.7	23	13
1983-01-14	0.3	0.7	22	13
1983-01-15	0	1.8	24	12
1983-01-16	0	7	24	13
1983-01-17	0	5.5	27	15
1983-01-18	0	2.5	24	16
1983-01-19	0	5.6	24.5	15
1983-01-20	0	3.1	22	16
1983-01-21	0	5.6	22	15
1983-01-22	0	5.3	24	15
1983-01-23	0	7.9	22.5	12
1983-01-24	0	5.5	24.5	12
1983-01-25	0	3.5	24	15
1983-01-26	0	2.2	23	9
1983-01-27	0	4.5	25	8
1983-01-28	0	3.9	25.5	8
1983-01-29	0	4.2	25	14
1983-01-30	0	4.7	24	15
1983-01-31	0	5.5	25	9.5
1983-02-01	0	3.5	22.5	16
1983-02-02	0	2.7	23	17
1983-02-03	3	4.7	25.5	13
1983-02-04	0	5	23	15.5
1983-02-05	0	1.5	23.5	15
1983-02-06	0	3.5	24	10.5
1983-02-07	0	4.5	24	12
1983-02-08	0	5.5	26	9
1983-02-09	0	3.2	23	8
1983-02-10	0	4.7	24	8
1983-02-11	0	4.8	24.5	6
1983-02-12	0	4.8	24.5	12
1983-02-13	0	7.4	27.5	12
1983-02-14	0	3.5	26	10.5
1983-02-15	0	3.4	24.5	11
1983-02-16	0	6.6	25.5	11.5
1983-02-17	0	5.3	24.5	10.5
1983-02-18	0	2.3	27	13
1983-02-19	0	5.6	29.5	12
1983-02-20	0	5.2	24.5	16
1983-02-21	0	6.5	25	13
1983-02-22	0	7.5	26	9
1983-02-23	0	2.8	28	9
1983-02-24	0	7.2	26	10
1983-02-25	0	7	24	10
1983-02-26	0	4.5	24	13
1983-02-27	0	4.5	25	11
1983-02-28	0	5.6	27.5	10
1983-03-01	0	7.1	26.5	11.5
1983-03-02	0.5	3.4	25	15
1983-03-03	14.8	NULO	24.5	15.5
1983-03-04	0	NULO	23	14.5
1983-03-05	0	6.5	23.5	15
1983-03-06	0	5.5	23.5	12
1983-03-07	0	3.5	25	13
1983-03-08	0	7.1	26	9
1983-03-10	0	6.2	27	9
1983-03-11	0	5.2	28	8
1983-03-12	0	6.5	26	15.5
1983-03-13	0	5.5	26	15.5
1983-03-14	0	4.9	29	16
1983-03-15	0	4.2	26	15.5
1983-03-16	0	7.3	24.5	14.5
1983-03-17	0	4.7	27	11.5
1983-03-18	0	NULO	27.5	12.5
1983-03-19	0	NULO	25	13.5
1983-03-20	0	NULO	24.5	16.5
1983-03-21	0	NULO	25	11
1983-03-22	0	NULO	25	10
1983-03-23	0	NULO	25	10
1983-03-24	0	NULO	28	8
1983-03-25	0	6.3	25	9
1983-03-26	0	9.7	24	10
1983-03-27	0	7.5	24.5	11.5
1983-03-28	0	4.7	28	9.5
1983-03-29	0	7.3	30	10.5
1983-03-30	0	8.6	27.5	16
1983-03-31	0	8.5	30.5	12.5
1983-04-01	0	8.9	32	17.5
1983-04-02	0	9.7	32	15
1983-04-03	0	6.7	31.5	16
1983-04-04	0	8.1	29	14
1983-04-05	0	9.6	27	9
1983-04-06	0	7.5	25	10
1983-04-07	0	8.1	25	10
1983-04-08	0	8.8	23.5	9
1983-04-09	0	10.5	25	12.5
1983-04-10	0	9.5	29	10
1983-04-11	0	4.3	26.5	12
1983-04-12	0	7.9	26.5	13.5
1983-04-13	0	6.1	23.5	14
1983-04-14	0	8.5	23.5	11
1983-04-15	0	7.1	25.5	11.5
1983-04-16	0	7.5	25	11
1983-04-17	0	6.5	30	16
1983-04-18	0	7	29	16
1983-04-19	0	4.9	29	16
1983-04-20	0	12.3	28	10
1983-04-21	0	8.7	28	10
1983-04-22	0	7.1	26	9
1983-04-23	0	7.5	30	12.5
1983-04-24	0	7.5	31	14
1983-04-25	0	8.5	31.5	14.5
1983-04-26	0	9.5	29	15
1983-04-27	0	5.5	28	15.5
1983-04-28	0	9.3	29	14.5
1983-04-29	0	4.7	30	10
1983-04-30	0	8.1	30	15
1983-05-01	0	6.4	30	15
1983-05-02	0	9.9	26	15
1983-05-03	0	12.2	31	13
1983-05-04	0	12.2	33	12.5
1983-05-05	0	12.2	35	12
1983-05-06	0	11.8	32	11
1983-05-07	0	10.9	31.5	15
1983-05-08	0	12.6	34	16
1983-05-09	0	12.7	32.5	14.5
1983-05-10	0	9	32.5	15
1983-05-11	0	10.6	33	16
1983-05-12	0	12	31.5	15
1983-05-13	0	6.9	30.5	11
1983-05-14	0	7	31	15
1983-05-15	0	9.1	30	16
1983-05-16	0	8.9	34	18.5
1983-05-17	0	8.2	33	14
1983-05-18	0	8.8	32.5	15
1983-05-19	0	11	35	17
1983-05-20	0	8.5	35.5	15
1983-05-21	0	11.5	35	12.5
1983-05-22	0	14.6	36	16.5
1983-05-23	0	13.1	37.5	14
1983-05-24	0	14	37.5	18.5
1983-05-25	0	11	36.5	14.5
1983-05-26	0	10.2	35	20
1983-05-27	0	8.5	30.5	19
1983-05-28	0	11.5	29	18.5
1983-05-29	0	10.5	32.5	17.5
1983-05-30	0	8.1	31.5	17
1983-05-31	0	11.5	30.5	14.5
1983-06-01	0	NULO	30.5	18
1983-06-02	0	NULO	31.5	17
1983-06-03	0	NULO	32.5	18
1983-06-04	0	NULO	35	15.5
1983-06-05	0	NULO	34.5	16
1983-06-06	0	NULO	32.5	15
1983-06-07	0	NULO	32	18.5
1983-06-08	0	NULO	32.5	17
1983-06-09	0	NULO	34.5	17.5
1983-06-10	0	NULO	32	14
1983-06-11	0	NULO	34	14.5
1983-06-12	0	NULO	32.5	16
1983-06-13	0	NULO	34	15
1983-06-14	0	NULO	36.5	14
1983-06-15	0	NULO	38	17
1983-06-16	0	NULO	38	22
1983-06-17	0	NULO	39	20
1983-06-18	0	NULO	38	21
1983-06-19	0	NULO	40	20
1983-06-20	0	NULO	38.5	22
1983-06-21	0	NULO	38.5	22
1983-06-22	0	NULO	35.5	21
1983-06-23	0	NULO	35	22.5
1983-06-24	0	NULO	36	20.5
1983-06-25	0	NULO	35	20
1983-06-26	0	NULO	34.5	19
1983-06-27	0	NULO	37	19.5
1983-06-28	0	NULO	36.5	17.5
1983-06-29	0	NULO	36	15.5
1983-06-30	0	NULO	36.5	16
1983-07-01	0	9.3	36.5	20
1983-07-02	0	15.4	38	20
1983-07-03	0	12	39	23
1983-07-04	0	11.1	39	18.5
1983-07-05	0	12.3	38	23
1983-07-06	0	13.2	37.5	22
1983-07-07	1	11.1	36	24
1983-07-08	0	3.5	36	20
1983-07-09	0	10.6	34	19
1983-07-10	0	12.9	37.5	21
1983-07-11	0	10.9	36	23
1983-07-12	0	12.8	36.5	19.5
1983-07-13	0	11.2	36	23
1983-07-14	0	8.2	36.5	23.5
1983-07-15	0	10.4	36.5	22
1983-07-16	0	10.6	37.5	25.5
1983-07-17	0	12.9	38	25
1983-07-18	0	6.2	35	26
1983-07-19	0	11.1	35	25
1983-07-20	21.2	NULO	33	24
1983-07-21	1.5	3.5	32.5	23
1983-07-22	0	7.6	33	25
1983-07-23	0	4.5	32.5	27
1983-07-24	0	10.5	37.5	25
1983-07-25	0	11.6	38	26
1983-07-26	0	10.2	37.5	24
1983-07-27	0	8.5	36	28
1983-07-28	0	10.6	37.5	28
1983-07-29	0	11.1	38.5	27
1983-07-30	0	5.5	36.5	18.5
1983-07-31	11	8	37.5	17.5
1983-08-01	11	1	36.5	24
1983-08-02	0	2.7	36	21
1983-08-03	0	1.1	36.5	21
1983-08-04	0	7.8	37	21
1983-08-05	0	8.2	36.5	21.5
1983-08-06	0	6.5	36	21.5
1983-08-07	64	NULO	35	21
1983-08-08	0	3.4	31.5	11
1983-08-09	0	8.5	32.5	17.5
1983-08-10	2.6	5.7	34.5	22
1983-08-11	0	3.1	35.5	21.5
1983-08-12	4	2.9	33	22
1983-08-13	43	NULO	30	20
1983-08-14	4	NULO	27.5	17.5
1983-08-15	10	NULO	27.5	18
1983-08-16	0	NULO	28	19
1983-08-17	0	NULO	31	18
1983-08-18	0	6.7	32.5	20
1983-08-19	0	8.8	32	21
1983-08-20	0	8.9	32.5	20
1983-08-21	0	6.1	34	20.5
1983-08-22	0	8.2	35.5	19.5
1983-08-23	0	8.2	34	20.5
1983-08-24	0	9	34	19.5
1983-08-25	0	5.4	34	19
1983-08-26	0	9.2	35.5	21.5
1983-08-27	0	4.5	35.5	17
1983-08-28	0	8.5	32	16.5
1983-08-29	0	8.5	34.5	16
1983-08-30	6	11.7	34	19
1983-08-31	0	3.7	31	19
1983-09-04	0	4.5	34.5	22
1983-09-05	0	2.8	34.5	21
1983-09-06	0	7.2	35	21.5
1983-09-07	0	8.2	34	19.5
1983-09-08	NULO	NULO	NULO	NULO
1983-09-09	1	NULO	NULO	NULO
1983-09-10	0	7.5	32.5	14.5
1983-09-11	0	4.5	33.5	19.5
1983-09-12	0	7.6	33	19
1983-09-13	0	6.4	33.5	20.5
1983-09-14	0	6.1	34	21.5
1983-09-15	0	7.2	33	21
1983-09-16	0	8.7	33.5	20
1983-09-17	10	4.5	33	21
1983-09-18	0	NULO	34.5	20.5
1983-09-19	NULO	NULO	NULO	NULO
1983-09-20	0	NULO	NULO	NULO
1983-09-21	0	3.9	35	21
1983-09-22	0	2.9	32.5	21
1983-09-23	0	6.3	35	25
1983-09-24	0	8.7	34.5	21
1983-09-25	0	8.5	34	22.5
1983-09-26	0	6.9	35	22
1983-09-27	0	7.9	36	22
1983-09-28	0	9.6	32.5	21
1983-09-29	0	6.1	33	22
1983-09-30	6	2.5	NULO	NULO
1983-10-01	0	4.5	33	23
1983-10-02	0	1.5	35	23
1983-10-03	0	7.3	34.5	24.5
1983-10-04	0	8.6	34	21.5
1983-10-05	NULO	NULO	NULO	NULO
1983-10-09	0	NULO	NULO	NULO
1983-10-10	0	4.3	35	21
1983-10-11	0	8.6	34	20.5
1983-10-12	0	6.7	35	20
1983-10-13	0	6.7	35.5	17.5
1983-10-14	0	7.7	32	19.5
1983-10-15	0	8.5	30.5	19
1983-10-16	0	3.7	30	17.5
1983-10-17	0	5.6	30.5	21
1983-10-18	0	5.6	31	18
1983-10-19	0	6.9	29	17
1983-10-20	0	5.4	29.5	17.5
1983-10-21	NULO	NULO	NULO	NULO
1983-10-22	0	NULO	NULO	NULO
1983-10-23	0	NULO	31.5	19
1983-10-24	0	5.6	35.5	17.5
1983-10-25	0	6.5	33	18.5
1983-10-26	0	6.9	33	16
1983-10-27	0	6	32.5	17.5
1983-10-28	0	9.7	30.5	16.5
1983-10-29	0	7.5	30.5	15.5
1983-10-30	0	4.5	31.5	17
1983-10-31	0	5.8	32.5	16
1983-11-01	0	7.6	32.5	12.5
1983-11-02	2	5.5	29.5	15.5
1983-11-03	0	4.4	28.5	16
1983-11-04	0	6.6	28	15.5
1983-11-05	0	3.6	28.5	12.5
1983-11-06	0	6.1	29	14
1983-11-07	0	3.9	30	14
1983-11-08	0	5.4	29.5	15
1983-11-09	0	6.8	28.5	15
1983-11-10	0	5.7	29.5	14
1983-11-11	0	4.5	29.5	14
1983-11-12	0	4.5	30	15.5
1983-11-13	0	5.5	29.5	12.5
1983-11-14	0	5.5	30	12
1983-11-15	0	3.4	29	18
1983-11-16	0	4.5	29	18
1983-11-17	0	7.1	30	21
1983-11-18	0	7.8	29	15
1983-11-19	0	5.5	27.5	14.5
1983-11-20	0	7	28	15
1983-11-21	0	5	25	15
1983-11-22	0	5.6	24	15
1983-11-23	0	4.6	27	13.5
1983-11-24	0	4.4	25	14.5
1983-11-25	0	10.9	26.5	9.5
1983-11-26	0	6.5	24	12
1983-11-27	0	9.5	22	13
1983-11-28	0	3.7	23.5	11
1983-11-29	0	4.2	24.5	14
1983-11-30	0	4.4	26.5	11
1983-12-01	16.1	7.6	27.5	15.5
1983-12-02	0	5.2	24.5	18
1983-12-03	0	2.5	21.5	9.5
1983-12-04	0	3.5	24	15
1983-12-05	0	5.6	24.5	15
1983-12-06	0	6.2	24	10.5
1983-12-07	0	1.7	25	11
1983-12-08	0	3.7	24.5	12.5
1983-12-09	0	NULO	28	11
1983-12-10	0	NULO	28.5	13.5
1983-12-11	0	NULO	27	7.5
1983-12-12	0	NULO	27.5	11
1983-12-13	0	NULO	27	12
1983-12-14	0	3.7	25.5	13.5
1983-12-15	0	5.9	26	14.5
1983-12-16	0	5.6	28	12.5
1983-12-17	0	4.5	29.5	12
1983-12-18	0	5.4	25	13.5
1983-12-19	0	2.2	24	15
1983-12-20	0	4.5	25.5	15
1983-12-21	0	4.2	24.5	12.5
1983-12-22	0	4.8	26	12
1983-12-23	0	3.4	27	14.5
1983-12-24	0	3.5	27.5	14.5
1983-12-25	0	5.5	28.5	12
1983-12-26	0	3.2	27	13.5
1983-12-27	0	3.9	24	18
1983-12-28	0	3.9	23.5	18
1983-12-29	0	6.9	24	18.5
1983-12-30	0	4.2	23.5	18
1983-12-31	0	4.5	24.5	14
1984-02-01	0	3.3	23	15
1984-02-02	0	3.5	25.5	13.5
1984-02-03	0	2.5	23.5	16
1984-02-04	0	3.5	25.5	14
1984-02-05	0	6.5	26	15
1984-02-06	0	2.7	24	14
1984-02-07	0	3.7	25	13.5
1984-02-08	0	4.3	25	13.5
1984-02-09	0	5.5	26.5	12.5
1984-02-10	0	5.6	27	13.5
1984-02-11	0	3.9	24	14
1984-02-12	0	4.6	23.5	15
1984-02-13	0	5.4	24.5	14
1984-02-14	0	3	26	11.5
1984-02-15	0	4	NULO	NULO
1984-02-16	0	5.8	NULO	NULO
1984-02-17	0	7.6	NULO	NULO
1984-02-18	0	8.1	NULO	NULO
1984-02-19	0	7.1	NULO	NULO
1984-02-20	0	7.3	NULO	NULO
1984-02-21	0	4	NULO	NULO
1984-02-22	0	7.2	23	5.5
1984-02-23	0	6	22	6
1984-02-24	0	2.8	25	11.5
1984-02-25	0	6.2	25	15
1984-02-26	0	4.5	31	9
1984-02-27	0	8.5	27	15
1984-02-28	0	6.3	24	12
1984-02-29	0	6	26	15.5
1984-03-01	0	5	27	14
1984-03-02	0	7.6	30	11.5
1984-03-03	0	5.5	31	12
1984-03-04	0	7.4	31	16
1984-03-05	0	8.1	27.5	15
1984-03-06	0	3.2	26	16
1984-03-07	0	7.3	24.5	13
1984-03-08	0	7.2	27	11
1984-03-09	0	8.3	30	11
1984-03-10	0	6.5	30	16
1984-03-11	0	7.5	29	13
1984-03-12	0	4.5	32.5	14.5
1984-03-13	0	9.8	32	13
1984-03-14	0	5.4	34	13
1984-03-15	0	9.5	32	16
1984-03-16	0	5	30	15
1984-03-17	0	2.7	29	17
1984-03-18	0	7.6	32	14
1984-03-19	0	8.5	27	17
1984-03-20	0	7.8	30	13.5
1984-03-21	0	8.6	34	16
1984-03-22	0	8.4	32.5	18
1984-03-23	0	7.6	31.5	17
1984-03-24	0	6.1	31	16
1984-03-25	0	7.2	32	19
1984-03-26	0	4.8	31	18
1984-03-27	0	9	30	18
1984-03-28	0	6.4	27.5	17
1984-03-29	0	11.7	29	15
1984-03-30	0	11.9	30	18
1984-03-31	0	5.5	31	17
1984-04-01	0	9.5	31	17
1984-04-02	0	8	24	15
1984-04-03	0	4.2	27.5	14
1984-04-04	0	8.5	28	14
1984-04-05	0	7.8	32	19
1984-04-06	0	8.9	33	17.5
1984-04-07	0	6.5	33	18
1984-04-08	0	5.5	32	13
1984-04-09	0	9.6	33	16
1984-04-10	0	8.4	29	15
1984-04-11	0	10	35	17
1984-04-12	0	6.9	34	16
1984-04-13	0	8.7	32	18
1984-04-14	0	8.5	32	17
1984-04-15	0	9.9	34	18
1984-04-16	0	10.3	34	18
1984-04-17	0	10.8	36	21
1984-04-18	0	9.8	33	20
1984-04-19	0	8.8	33	18
1984-04-20	0	7.9	30	17
1984-04-21	0	6.5	34	15
1984-04-22	0	6.9	30	17
1984-04-23	0	5.8	33	15
1984-04-24	0	7	32	17
1984-04-25	0	9.1	31	18
1984-04-26	0	11.2	30	20
1984-04-27	0	8.7	31	15
1984-04-28	0	6.3	30	17
1984-04-29	0	8.5	35	16
1984-04-30	0	8.7	35	13
1984-05-01	0	9.7	32	17
1984-05-02	0	7.9	33.5	15
1984-05-03	0	6.7	33	18
1984-05-04	0	9.5	34	20
1984-05-05	0	8.5	30	19
1984-05-06	0	6.1	32	16
1984-05-07	0	5.2	32.5	18
1984-05-08	0	7.5	34.5	19
1984-05-09	0	12.1	40	21
1984-05-10	0	8.4	38	22
1984-05-11	0	10.4	32	21.5
1984-05-12	0	9.2	32	21
1984-05-13	0	11.5	37	21
1984-05-14	0	8.8	35.5	18
1984-05-15	0	9.1	31	18.5
1984-05-16	0	10.8	27.5	19
1984-05-17	0	7	31	17.5
1984-05-18	0	7.5	32	17
1984-05-19	0	7	35	17
1984-05-20	0	7.7	36	18
1984-05-21	0	9.8	36	19
1984-05-22	0	10.4	36	18
1984-05-23	0	10.6	38	20
1984-05-24	0	10.5	36	20
1984-05-25	0	12.5	36	21
1984-05-26	0	4.5	35	18
1984-05-27	0	10.5	35	18
1984-05-28	0	5.4	34	19
1984-05-29	0	6.1	34	20
1984-05-30	0	10	37	22
1984-05-31	0	10.8	38.5	22.5
1984-06-01	0	11.2	38.5	20
1984-06-02	0	6.2	38	20
1984-06-03	0	7.3	37	20
1984-06-04	0	9.5	32	18
1984-06-05	0	7.1	31	17
1984-06-06	0	8.2	31	18
1984-06-07	0	12.3	32	19
1984-06-08	0	13.4	34	19
1984-06-09	0	10.5	36	17
1984-06-10	0	9.5	35	19
1984-06-11	0	9.2	36	19
1984-06-12	0	12.2	36.5	20
1984-06-13	0	12.6	37	22.5
1984-06-14	0	8.8	38.5	23
1984-06-15	0	10.7	37	25.5
1984-06-16	0	10.5	38	25
1984-06-17	0	9.5	38	25
1984-06-18	0	9.9	36.5	24
1984-06-19	0	NULO	37.5	26
1984-06-20	0	NULO	37	24
1984-06-21	0	NULO	35	25
1984-06-22	0	NULO	36	21
1984-06-23	14	NULO	36	22
1984-06-24	0	10.7	35	26
1984-06-25	0	9.5	36	25
1984-06-26	0	7	34.5	25
1984-06-27	0	10.4	40	23.5
1984-06-28	0	13.5	38	24
1984-06-29	0	11.9	37	24
1984-06-30	0	7.5	37	24
1984-07-01	0	9.5	37	23
1984-07-02	0	11.4	36.5	25
1984-07-03	0	8.1	35	24.5
1984-07-04	0.01	11.1	37.5	26
1984-07-05	0	9.6	34	24
1984-07-06	4.5	3.8	35	25.5
1984-07-07	0	8.8	31	25
1984-07-08	0	8.2	32	25
1984-07-09	0	6.5	35	23
1984-07-10	0.01	9.5	35	24
1984-07-11	0.01	12.2	34	26
1984-07-12	3.2	4.3	33	25
1984-07-13	9	2.6	33	25.5
1984-07-14	0	8.1	31	24
1984-07-15	0	7.2	32	24
1984-07-16	0	6.9	32.5	25
1984-07-17	0	10.4	32.5	25
1984-07-18	0	10.9	34.5	23.5
1984-07-19	0	9.5	35	24
1984-07-20	0	9	34	24
1984-07-21	0	11	36	25
1984-07-22	0	8.4	36	22
1984-07-23	2	2.6	35	22
1984-07-24	30	3.8	32	24.5
1984-07-25	0	2.6	33	24
1984-07-26	0	6.2	34	26
1984-07-27	0	12	35	24
1984-07-28	0	10.1	35	27
1984-07-29	0	8.1	36	25
1984-07-30	0	9.5	37	26
1984-07-31	0	5.3	38	26
1984-08-01	0	6.2	37	26
1984-08-02	0	7.5	35	26
1984-08-03	0	7.4	36	24
1984-08-04	0	12.2	38	25
1984-08-05	8.5	5.2	38	24
1984-08-06	0	5.6	37	27
1984-08-07	10.5	4.5	36	26
1984-08-08	20	5.9	34	27
1984-08-09	0	4.1	32	25
1984-08-10	0	13.9	31	25
1984-08-11	0	8.9	33	24
1984-08-12	0	5.8	32	25
1984-08-13	0	9.4	31	20
1984-08-14	0	7.8	34	25
1984-08-15	11	4.9	35	27
1984-08-16	0	1.1	34	26
1984-08-17	0.01	6.3	33	25
1984-08-18	0	5.5	34	25
1984-08-19	0	8.5	34	26
1984-08-20	0	9.6	34.5	25
1984-08-21	0	9	35	26
1984-08-22	0	7.7	36	27
1984-08-23	0	6	37	26
1984-08-24	0	9.3	38	26
1984-08-25	0	8.3	39	25
1984-08-26	0	6.9	36	24
1984-08-27	0.01	3.7	35	27
1984-08-28	0.01	5.2	34	26
1984-08-29	0	10	33	25
1984-08-30	40	11.3	36	26
1984-08-31	0	3.8	31	24
1984-09-01	0	5.5	33	25
1984-09-02	0	7.4	35	26
1984-09-03	0	7	34	25
1984-09-04	0	4.4	36	27
1984-09-05	0	4.7	36	27
1984-09-06	15	2.8	38	28.5
1984-09-07	5.2	4.7	32	25
1984-09-08	0	4.5	33	26
1984-09-09	0	5.1	36	26
1984-09-10	0	8.5	34	25
1984-09-11	0	5.5	34.5	25
1984-09-12	0	8.3	34	25
1984-09-13	0	5.3	33.5	26
1984-09-14	0	5.8	36	26.5
1984-09-15	0	8.2	33	25
1984-09-16	0	6.5	35	27
1984-09-17	0	8.5	36	26
1984-09-18	0	4.5	37	26
1984-09-19	0	11.6	36	26
1984-09-20	0	4.3	37	24
1984-09-21	0	8.6	36	25
1984-09-22	0	7.5	35	23
1984-09-23	3	3.4	35	24
1984-09-24	0	8.1	36	25
1984-09-25	0	5.5	33	24
1984-09-26	0	3.5	34	24
1984-09-27	0	6.4	34	23
1984-09-28	0	7.6	33	22
1984-09-29	0	7.9	34	20
1984-09-30	0	5	35	23
1984-10-01	0	9.1	36	26
1984-10-02	20	5.8	33	27
1984-10-03	0	6.6	35	23
1984-10-04	0	10.7	36	22
1984-10-05	0	11.3	31	22
1984-10-06	0	11.8	30	21
1984-10-07	0	5.8	31	20
1984-10-08	0	5.7	34	21
1984-10-09	0	7.4	34	21
1984-10-10	0	7.7	34	22
1984-10-11	0	5.1	33	23
1984-10-12	0	5.5	32	23
1984-10-13	0	5.5	31	21
1984-10-14	0	5.9	34	22
1984-10-15	0	4.4	32	22
1984-10-16	0	2.8	31	23
1984-10-17	0	7.3	32	23
1984-10-18	0	5.8	32	21.5
1984-10-19	0	7.2	30	21
1984-10-20	0	6.5	31	21
1984-10-21	0	8.4	31	20
1984-10-22	0	6.3	29	20
1984-10-23	0	4.2	30	20
1984-10-24	0	6.9	28.5	21
1984-10-25	0	6.1	29	22
1984-10-26	0	7.5	30	22
1984-10-27	0	5.6	31	19
1984-10-28	0	5.4	30	17
1984-10-29	0	6.3	29	15
1984-10-30	0	6	30	18
1984-10-31	0	2.9	30	17
1984-11-01	0	4.6	30	17
1984-11-02	0	5.4	30	21
1984-11-03	0	4.6	31	18
1984-11-04	0	7.4	31	17
1984-11-05	0	7.9	30	16
1984-11-06	0	4.9	34	17
1984-11-07	0	5.2	33	20
1984-11-08	0	5.5	34	21
1984-11-09	0	4.5	28	19
1984-11-10	0	4.6	33	20
1984-11-11	0	4.9	28	17
1984-11-12	0	5.3	30	16
1984-11-13	0	5.3	31	20
1984-11-14	0	2.9	31	18
1984-11-15	0	4.8	29	18
1984-11-16	0	4.6	29	17
1984-11-17	0	5	25	19
1984-11-18	0	2.1	28	14
1984-11-19	0	5.1	27	18
1984-11-20	0	4.9	26	17
1984-11-21	0	4.2	27	14
1984-11-22	0	6.2	27.5	19
1984-11-23	0	4.2	26	17.5
1984-11-24	0	5.5	23	13
1984-11-25	0	2.5	25	13
1984-11-26	0	7.3	25	13
1984-11-27	0	6	23	13
1984-11-28	0	3.9	24	15
1984-11-29	0	6.9	28	14
1984-11-30	0	1.8	24	18
1984-12-01	0	3.5	25	13
1984-12-02	0	4.5	25	13
1984-12-03	0	3.8	26	16
1984-12-04	0	6	25	17
1984-12-05	0	6.4	24.5	15
1984-12-06	0	2.3	24	17.5
1984-12-07	0	1.5	25	19
1984-12-08	0	4.5	27	20
1984-12-09	0	4.6	28	18
1984-12-10	0	7	29	20
1984-12-11	10	4.3	26	16
1984-12-12	0.01	4.3	21	15.5
1984-12-13	1.5	2.3	24	16
1984-12-14	1	3.2	21	16
1984-12-15	0	1.5	21	13
1984-12-16	0	3.2	22	12
1984-12-17	0	5.2	23	12
1984-12-18	0	3.2	24	14
1984-12-19	0	3	21	15
1984-12-20	0	2.1	22	15
1984-12-21	0	1.9	27	15
1984-12-22	0	3.7	22	14
1984-12-23	0	3.5	23	17
1984-12-24	0	3.9	24	14
1984-12-25	0	2.3	22	13
1984-12-26	0	3.1	24	15
1984-12-27	0	2	28	15
1984-12-28	20	1.6	28	15
1984-12-29	0	1.1	23	16
1984-12-30	0	2.3	22	16
1984-12-31	0	1.1	22	15
1985-01-01	0	5.2	22.5	16
1985-01-02	0	5.8	21.5	15
1985-01-03	0	6.1	20.5	14
1985-01-04	0	6.2	21	15
1985-01-05	0	3.3	22	17
1985-01-06	0	2.7	22	14
1985-01-07	0	3.9	24	12
1985-01-08	0	4.1	22	11
1985-01-09	0	1.3	23	12
1985-01-10	0	3.4	22	12
1985-01-11	0	3.3	22	16
1985-01-12	9	0.5	20	16
1985-01-13	0	3.5	20	14
1985-01-14	0	4	21	13
1985-01-15	0	3.1	21.5	12
1985-01-16	0	3.1	20	11
1985-01-17	0	3.3	21	11
1985-01-18	0	2.4	20	10
1985-01-19	0	2.5	22	10
1985-01-20	0	3.2	23	10
1985-01-21	0	4.2	23.5	13
1985-01-22	4	4.5	22	12.5
1985-01-23	0	2.4	22	15
1985-01-24	0	3.1	26	16
1985-01-25	0.01	1.6	24	18
1985-01-26	0	3.5	24	18
1985-01-27	0	3.2	24	13
1985-01-28	0	6.2	22.5	15
1985-01-29	0	3.4	23.5	11
1985-01-30	0	4.6	25	16
1985-01-31	0	4.9	20	16
1985-02-01	0	5	19	15
1985-02-02	0	3.4	18	10
1985-02-03	0	5.6	24	10
1985-02-04	0	4.9	22	11
1985-02-05	0	2.5	21	13
1985-02-06	0	5.5	20	14
1985-02-07	0	4.5	20	11
1985-02-08	0	4.1	22	10
1985-02-09	0	5.5	24	11
1985-02-10	0	4.3	25	11
1985-02-11	0	3.9	22.5	14
1985-02-12	0	6.7	24	15
1985-02-13	0	5.7	29	11
1985-02-14	0	7.2	26	11
1985-02-15	0	3.2	26	16
1985-02-16	0	2	26	14
1985-02-17	0	6.5	27	11
1985-02-18	0	6.5	30	13
1985-02-19	0	7.1	30	14
1985-02-20	0	6.7	25.5	16
1985-02-21	0	5.7	23	14
1985-02-22	0	5.4	21	13
1985-02-23	0	6.5	22	10
1985-02-24	0	8.3	23	13
1985-02-25	0	4.9	24	15
1985-02-26	0	5	25	12
1985-02-27	0.01	3.7	27	17
1985-02-28	0	3.5	27	15
1985-03-01	0	6.6	28	16
1985-03-02	0	6.5	31	15
1985-03-03	0	7.2	22	17
1985-03-04	0	5	21.5	15
1985-03-05	0	6.6	24	13
1985-03-06	0	7.9	28	11.5
1985-03-07	0	6.4	28	13
1985-03-08	0	7	27	12
1985-03-09	0	8.5	28	13
1985-03-10	0	7	32	12
1985-03-11	0	8.2	32	15
1985-03-12	0	8.2	31	16
1985-03-13	0	7.4	30	17
1985-03-14	0	6.2	27	18
1985-03-15	0	3.9	22	19.5
1985-03-16	0	4.4	23	16
1985-03-17	0	3.9	25	15
1985-03-18	0	10.1	30	17
1985-03-19	0	9.7	25	15
1985-03-20	0	4.4	25	13
1985-03-21	0	4.9	28.5	14
1985-03-22	0	8.5	29.5	16
1985-03-23	0	7.1	27	13
1985-03-24	0	8.1	29.5	14
1985-03-25	0	7	30.5	14.5
1985-03-26	0	5.8	26.5	17
1985-03-27	0	4.4	26.5	18.5
1985-03-28	0.2	6.2	24	21.5
1985-03-29	0	8	23	16
1985-03-30	0	10.8	24	17
1985-03-31	0	10.4	24	16
1985-04-01	0	6	26.5	10.5
1985-04-02	0	9.2	28	12
1985-04-03	0	11	33	18.5
1985-04-04	0	6.1	27	16
1985-04-05	0	6.2	30	17
1985-04-06	0	6	31	17
1985-04-07	0	6	31	17
1985-04-08	0	9	29.5	17
1985-04-09	0	6.7	31	14
1985-04-10	0	7.6	30	17
1985-04-11	0	8.1	31.5	16
1985-04-12	0	8.5	32	15.5
1985-04-13	0	9.5	34	17
1985-04-14	0	7.8	33	18
1985-04-15	0	9.4	36	17
1985-04-16	0	8.5	32.5	17
1985-04-17	0	5.8	30	16
1985-04-18	0	5	28.5	18
1985-04-19	0	8.7	29	17.5
1985-04-20	0	7.8	30	15
1985-04-21	0	5.5	28	14
1985-04-22	0	7.9	30	15
1985-04-23	0	7.2	29	14
1985-04-24	0	4.5	29.5	17
1985-04-25	0	6.9	29	15
1985-04-26	0.01	6.7	25	16
1985-04-27	0	4.5	27	17
1985-04-28	0	7.2	26	15
1985-04-29	0	8.7	28	13
1985-04-30	0.01	9.9	26	16
1985-05-01	0	9	34	16
1985-05-02	0	9.5	31	17
1985-05-03	0	9.7	34	21
1985-05-04	0	7.5	34	16
1985-05-05	0	6.5	35	14
1985-05-06	0	10.2	31	11
1985-05-07	0	8.8	31	13
1985-05-08	0	9.3	34	21
1985-05-09	0	8.8	34	21
1985-05-10	0	8.6	38	18
1985-05-11	0	7.9	31	19
1985-05-12	0	6.6	31	20
1985-05-13	0	8.8	31	16
1985-05-14	0	10.3	29.5	19
1985-05-15	0	9.8	33.5	17.5
1985-05-16	0	8.6	31	18
1985-05-17	0	9.5	32	18
1985-05-18	0	8.9	34	17
1985-05-19	0	5.6	32	16
1985-05-20	0	13.5	32	15
1985-05-21	0	8.7	33	16
1985-05-22	0	7	34	17
1985-05-23	0	9.3	35	21
1985-05-24	0	8.5	35	18
1985-05-25	0	7.1	37	20
1985-05-26	0	9	36	19
1985-05-27	0	6.9	37	20
1985-05-28	0	11.9	39	21
1985-05-29	0	10.6	38	21
1985-05-30	0	7.8	36	21
1985-05-31	0	11.8	34	22
1985-06-01	0	11.2	32	22
1985-06-02	0	9.5	36	21
1985-06-03	0	12.1	36	19
1985-06-04	0	7.8	32	19
1985-06-05	0	7.2	32	20
1985-06-06	0	10.9	35	20
1985-06-07	0	10.2	35	23
1985-06-08	0	11.5	39	24
1985-06-09	0	15.5	36	24
1985-06-10	0	7.7	31	17
1985-06-11	0	9.4	33	21
1985-06-12	0	12.2	38	21
1985-06-13	0	10.2	36	23
1985-06-14	0	11.5	36	22
1985-06-15	0	11.5	35	18
1985-06-16	0	7.5	33	18
1985-06-17	0	7.5	35	18
1985-06-18	0	2.8	34	18
1985-06-19	0	10.7	36	19
1985-06-20	0	9.4	36	21
1985-06-21	0	11	35	21
1985-06-22	0	11.4	36	20
1985-06-23	0	13	35	21
1985-06-24	0	11.2	37	21
1985-06-25	0	7.5	37	20
1985-06-26	0	12.2	37	21
1985-06-27	0	6.2	36	21
1985-06-28	0	7.5	35	21
1985-06-29	0	7.9	35	23
1985-06-30	0	6	35	23
1985-07-01	0	5.9	40	23
1985-07-02	0	6.5	39	23
1985-07-03	0	10.4	36	24
1985-07-04	0	10.4	37	25
1985-07-05	0	11.7	35	24
1985-07-06	0	8.4	36	25
1985-07-07	0	5.6	37	23
1985-07-08	0.01	4.5	37	22
1985-07-09	0	4.9	34	20
1985-07-10	0	11.8	37	25
1985-07-11	0	8.6	39	26
1985-07-12	0	7.1	39	26
1985-07-13	0	9.5	36	24
1985-07-14	0	9.5	35	23
1985-07-15	0	13.7	38	23
1985-07-16	10	6.1	36	23
1985-07-17	17	6	33	24
1985-07-18	0	6	32	25
1985-07-19	0	7.7	35	25
1985-07-20	0	10.5	36	26
1985-07-21	0	11.5	35	25
1985-07-22	0	10.8	36	24
1985-07-23	0	9.4	38	25
1985-07-24	0	6.8	36	26
1985-07-25	0	12.8	37	26
1985-07-26	0	6.9	38	26
1985-07-27	0.01	3.5	31	24
1985-07-28	0	4.5	35	24
1985-07-29	0	13.5	37	25
1985-07-30	0	12.1	38	24
1985-07-31	0	6.9	36	24
1985-08-01	45	5.8	33	26
1985-08-02	0	4.7	35	26
1985-08-03	0	10.3	35	25
1985-08-04	0	8.7	36	25
1985-08-05	0	10.1	37	24
1985-08-06	0	8.8	36.5	26
1985-08-07	0	8.1	36	24
1985-08-08	0	11.7	37	26
1985-08-09	0	6.6	37	26
1985-08-10	0	9.6	32	25
1985-08-11	0	10.4	34	26
1985-08-12	0	11.5	37	23
1985-08-13	0	10.4	36	25
1985-08-14	0	8.1	37	24
1985-08-15	0	11.6	37	25
1985-08-16	0	6.5	36	24
1985-08-17	0	10.5	35	25
1985-08-18	0	9.2	35	24
1985-08-19	0	6.5	37	25
1985-08-20	0	10.7	36	26
1985-08-21	0	12.5	36	27
1985-08-22	0	12.1	39	26
1985-08-23	0	6.5	38	26
1985-08-24	0	3.8	39	26
1985-08-25	11.5	2.5	38	27
1985-08-26	0	9.3	36	24
1985-08-27	0	10.5	36	26
1985-08-28	0	7.3	38	27
1985-08-29	0	9.3	38	27
1985-08-30	0	8.2	35	26
1985-08-31	0	NULO	35	26
1985-09-01	0	NULO	36	26
1985-09-02	0	NULO	38	27
1985-09-03	0	5.8	37	27
1985-09-04	0	11.2	36	26
1985-09-05	0	8.9	37	26
1985-09-06	0	11.8	37	25
1985-09-07	0	11.3	36	24
1985-09-08	0	8.4	35	24
1985-09-09	0	6.2	36	25
1985-09-10	0	10.4	38	25
1985-09-11	0	9.9	35	26
1985-09-12	0	9.3	36.5	24
1985-09-13	0	9.7	35	26
1985-09-14	0	10.5	36	26
1985-09-15	0	9.5	36	26
1985-09-16	0	10.6	37	27
1985-09-17	0	8.6	38	26
1985-09-18	7	4.5	37	25
1985-09-19	0	4	35	25
1985-09-20	0.01	6.2	33	26
1985-09-21	0	8.5	33	25
1985-09-22	0	7	34	26
1985-09-23	0	8.7	37	23
1985-09-24	0	8.6	36	26
1985-09-25	0	11.6	37	27
1985-09-26	0	11.9	37	26
1985-09-27	0	8.3	35	26
1985-09-28	0	9.1	34	24
1985-09-29	0	9.4	33	23
1985-09-30	0	9.7	32	22
1985-10-01	0	10.7	34	23
1985-10-02	0	9.6	32	23
1985-10-03	0	9.7	34	25
1985-10-04	0	9.8	37	26
1985-10-05	0	6.7	34	23
1985-10-06	0	6.8	35	23
1985-10-07	0	5.1	37	27
1985-10-08	47	6.3	33	28
1985-10-09	0	7.6	32	24
1985-10-10	0	7.4	32	24
1985-10-11	0	5.7	30	24
1985-10-12	0	6.6	31	23
1985-10-13	0	6.5	31	22
1985-10-14	0	5.1	30	21
1985-10-15	0	9.6	32	22
1985-10-16	0	8	29	23
1985-10-17	0	8.5	31	18
1985-10-18	0	6.5	31	17
1985-10-19	0	8.5	31	19
1985-10-20	0	6.5	32	19
1985-10-21	0	10.4	33	21
1985-10-22	0	9	33	22.5
1985-10-23	0	4.3	31	21
1985-10-24	0	7.1	31	21
1985-10-25	0	8.6	34	21
1985-10-26	0	8.5	32	22
1985-10-27	0	9.5	34	22
1985-10-28	0	10	35	19
1985-10-29	0	9.6	34	21
1985-10-30	0	7.2	35	20
1985-10-31	0	7.7	34	19
1985-11-01	0	7.4	29	20
1985-11-02	0	6.5	29	19
1985-11-03	0	6.8	30	18
1985-11-04	0	7.7	30	17
1985-11-05	0	9.6	32	17
1985-11-06	0	9.4	31	16
1985-11-07	0	5.9	31	21
1985-11-08	0	7.8	30	21
1985-11-09	0	7.3	29	20
1985-11-10	0	8.5	28	20
1985-11-11	0	6.7	28	21
1985-11-12	0	8.2	29	20
1985-11-13	0	8.7	28	22
1985-11-14	0	9.7	26	21
1985-11-15	0	5.3	25	20
1985-11-16	0	5.5	26	21
1985-11-17	0	5.5	30	17
1985-11-18	0	8.8	28	16
1985-11-19	0	NULO	27	16
1985-11-20	0	NULO	26	15
1985-11-21	0	5.5	27	21
1985-11-22	3	0.5	24	21
1985-11-23	3	2.5	27	20
1985-11-24	0.01	6.4	30	21
1985-11-25	0	5	28	23
1985-11-26	0	5	27	22
1985-11-27	0	7.6	27	21
1985-11-28	0	7.4	27	21
1985-11-29	0	6.1	26	20
1985-11-30	0	3.5	25	19
1985-12-01	0	3.5	24	14
1985-12-02	0	4.7	26	15
1985-12-03	0	6.1	26	16
1985-12-04	0	4.6	26	17
1985-12-05	0	4.8	26	16
1985-12-06	0	7.2	27	17
1985-12-07	0	8.5	26	21
1985-12-08	0	6.5	26	18
1985-12-09	0	5.5	30	14
1985-12-10	0	3.3	24	15
1985-12-11	0	6.6	24	15
1985-12-12	0	NULO	22	17
1985-12-13	0	NULO	23	16
1985-12-14	0	7.5	21	17
1985-12-15	0	7.5	26	18
1985-12-16	0	4.3	23	18
1985-12-17	0	4.9	22	16
1985-12-18	0	5	23	15.5
1985-12-19	0	6.4	30	18
1985-12-20	0	8.5	25	19
1985-12-21	0	5.3	24	16
1985-12-22	0	7.4	25	17
1985-12-23	0	6.7	26	14
1985-12-24	0	5.5	25	14
1985-12-25	0	4	26	12
1985-12-26	0	4	26	12
1985-12-27	0	4.1	25	13
1985-12-28	0	4.5	25	12
1985-12-29	0	6.5	27	14
1985-12-30	0	7.1	30	13
1985-12-31	0	4.8	31	14
1986-01-01	0	5.5	28	13
1986-01-02	0	6.6	27	14
1986-01-03	0	5.7	29	13
1986-01-04	0	6.2	26	15
1986-01-05	0	7.4	25	14
1986-01-06	0	8.1	28	15
1986-01-07	0	9.7	27	13
1986-01-08	0	7.4	25	12
1986-01-09	0	5.8	23	9
1986-01-10	0	4.1	24	8
1986-01-11	0	5.5	23	11
1986-01-12	0	3.5	21	10
1986-01-13	0	2.5	25	12
1986-01-14	0	3.8	26	13
1986-01-15	0	4.5	27	12
1986-01-16	0	5.1	26	16
1986-01-17	0	5.3	28	13
1986-01-18	0	6.4	29	14
1986-01-19	0	4.5	25	12
1986-01-20	0	NULO	27	11
1986-01-21	0	NULO	29	13
1986-01-22	0	7.5	27	14
1986-01-23	0	7.5	29	13
1986-01-24	0	6.4	30	12
1986-01-25	0	4.6	26	12
1986-01-26	0	6.5	27	14
1986-01-27	0	5.5	26	12
1986-01-28	0	7.7	27	11
1986-01-29	0	6.2	28	12
1986-01-30	0	4.9	27	13
1986-01-31	0	5.1	29	16
1986-02-01	0	3.5	22	19
1986-02-02	0	3.5	21	16
1986-02-03	0	3.6	25	12
1986-02-04	0	6.7	24	12
1986-02-05	0	5.6	21	13
1986-02-06	0	6.9	24	9
1986-02-07	0	5.1	21	14
1986-02-08	0	3.1	23	14
1986-02-09	0	3.9	24	16
1986-02-10	0	5.9	21	17
1986-02-11	0	3.6	21	14
1986-02-12	0	3.5	24	11
1986-02-13	0	6.2	24	12
1986-02-14	0	7.7	26	11
1986-02-15	0	5.5	29	15
1986-02-16	0	6.2	29	15
1986-02-17	0	8.7	26	14
1986-02-18	0	6.4	30	13
1986-02-19	0	5.9	30	13
1986-02-20	0	7.7	29	12
1986-02-21	0	6	29	13
1986-02-22	0	7.6	26	12
1986-02-23	0	7.5	27	11
1986-02-24	0	7.5	28	11
1986-02-25	0	6	30	12
1986-02-26	0	6	32	14
1986-02-27	0	5	34	20
1986-02-28	0	8.5	33	11
1986-03-01	0	8.8	32	18
1986-03-02	0	8.9	30	12
1986-03-03	0	7.4	29	13
1986-03-04	0	5.3	27	14
1986-03-05	0	9.2	30	16
1986-03-06	0	8.2	31	16
1986-03-07	0	8.7	32	14
1986-03-08	0	7.5	32	17
1986-03-09	0	7.8	28	15
1986-03-10	0	6.7	29.5	14
1986-03-11	0	5	28	14.5
1986-03-12	0	8	25	15
1986-03-13	0	5.4	26	14
1986-03-14	0	7.6	26	16
1986-03-15	0	7.5	25	16
1986-03-16	0	7.5	29	12
1986-03-17	0	8.9	24	14
1986-03-18	0	9	24	15
1986-03-19	0	6.5	23	16
1986-03-20	0	10.6	24	15
1986-03-21	0	9.4	25	14
1986-03-22	0	10.3	31	18
1986-03-23	0	9.7	33	16
1986-03-24	0	8.1	35	14
1986-03-25	0	10.6	34	13
1986-03-26	0	10.4	34	18
1986-03-27	0	10.9	33	21
1986-03-28	0	9.1	34	20
1986-03-29	0	10.3	30	19
1986-03-30	0	6.4	30	19
1986-03-31	0	9	32	18
1986-04-01	0	11	34	20
1986-04-02	0	9.6	33	20
1986-04-03	0	9.3	33	19
1986-04-04	0	9.4	29	14
1986-04-05	0	8.5	30	17
1986-04-06	0	9.9	30	16
1986-04-07	0	9.1	28	20
1986-04-08	0	7.1	31	19
1986-04-09	0	7	33	20
1986-04-10	0	9.9	33	18
1986-04-11	0	10.4	35	16
1986-04-12	0	11.2	35	17
1986-04-13	0	9.5	36	19
1986-04-14	0	8	36	19
1986-04-15	0	11.7	33	18
1986-04-16	0	9.9	31	19
1986-04-17	0	13.6	32	23
1986-04-18	0	11.8	30	20
1986-04-19	0	11.3	33	19
1986-04-20	0	10.9	30	21
1986-04-21	0	9.9	30	17
1986-04-22	0	9.3	30	19
1986-04-23	0	9.1	31	18
1986-04-24	0	12.6	28	20
1986-04-25	0	7.7	27	18
1986-04-26	0	11.7	29	19
1986-04-27	0	6.5	30	21
1986-04-28	0	7.5	29	22
1986-04-29	0	6.3	32	21
1986-04-30	0	9.2	33	20
1986-05-01	0	11.5	36.5	20
1986-05-02	0	9.9	35	20.5
1986-05-03	0	8.6	37	22
1986-05-04	0	9.5	34	22
1986-05-05	0	6.9	35	20
1986-05-06	0	12	34	20
1986-05-07	0	10.6	30	18
1986-05-08	0	7.6	27	16
1986-05-09	0	9.8	27	18
1986-05-10	0	7.5	30	19
1986-05-11	0	12.8	34	19
1986-05-12	0	12.4	33	21
1986-05-13	0	13	33	22
1986-05-14	0	8.8	34	17
1986-05-15	0	10.6	34	18
1986-05-16	0	8.5	34	20
1986-05-17	0	8.5	32	18
1986-05-18	0	13.4	35	19
1986-05-19	0	10.9	37	18
1986-05-20	0	12.8	35	20
1986-05-21	0	10.9	34	17
1986-05-22	0	9.9	34	16
1986-05-23	0	10.1	35	17
1986-05-24	0	10.5	34	16
1986-05-25	0	10.4	33	17
1986-05-26	0	13.4	29	18
1986-05-27	0	7.2	33	16
1986-05-28	0	7.1	31.5	19
1986-05-29	0	7.9	34	18.5
1986-05-30	0	8.4	33	17
1986-05-31	0	8.2	31	18
1986-06-01	0	10.1	30	18
1986-06-02	0	11.4	32	18
1986-06-03	0	10.3	30	20
1986-06-04	0	7.9	29.5	18
1986-06-05	0	9	28.5	17
1986-06-06	0	8.2	29	18
1986-06-07	0	9.3	30	18
1986-06-08	0	10.6	33	17
1986-06-09	0	9.5	27	18
1986-06-10	0	10.7	30	13
1986-06-11	0	8.8	32	21
1986-06-12	0	8.1	35	19
1986-06-13	0	12.3	33	21
1986-06-14	0	12.4	38	21
1986-06-15	0	14.6	38	20
1986-06-16	0	12.7	35	20
1986-06-17	0	11.8	38	21
1986-06-18	0	11.6	38	22
1986-06-19	0	11.7	40	22
1986-06-20	0	11.5	40	23
1986-06-21	0	8	36	22
1986-06-22	0	10.6	35	22
1986-06-23	0	12.9	38	21
1986-06-24	0	6.9	37	21
1986-06-25	0	9.9	39	21
1986-06-26	0	8.2	33	20
1986-06-27	0	11.5	35	21
1986-06-28	0	11.3	35	25
1986-06-29	0	9.4	34	23
1986-06-30	0	9.1	35	23
1986-07-01	0	10.7	36	24
1986-07-02	0	10	37	25
1986-07-03	0	11.5	38	23
1986-07-04	0	9.5	35	23
1986-07-05	0	11.5	37	25
1986-07-06	0	14	37	25
1986-07-07	0	8.4	37	24
1986-07-08	0	8.1	36	24
1986-07-09	0	5.5	33	23
1986-07-10	0	9.6	36	23
1986-07-11	0	13.3	36	23
1986-07-12	9	6	33	24
1986-07-13	0	5.5	30	22
1986-07-14	0	7.2	34	26
1986-07-15	0	6.1	36	24
1986-07-16	0	7.8	34	26
1986-07-17	0	10.5	33	24
1986-07-18	0	9.4	36	23
1986-07-19	0	12.2	37	24
1986-07-20	0	14	38	24
1986-07-21	0	11.8	36	23
1986-07-22	0	12	36	22
1986-07-23	0	10.3	37	24
1986-07-24	0	10.4	38	23
1986-07-25	0	13.3	38	25
1986-07-26	0	11	39	25
1986-07-27	0	10.4	35	25
1986-07-28	0	10.2	36	26
1986-07-29	0	12.8	37	25
1986-07-30	0	11.8	38	25
1986-07-31	0	11	37	23
1986-09-01	0	7.8	36	26
1986-09-02	0	11.5	34	24
1986-09-03	0	9	35	25
1986-09-04	0	10.4	36	23
1986-09-05	0	11.5	37	24
1986-09-06	0	12.5	37	26
1986-09-07	16.4	6.2	36	26
1986-09-08	0	8.9	36	27
1986-09-09	0	11.1	35	26
1986-09-10	0	13.5	36	25
1986-09-11	0	6.9	35	24
1986-09-12	0	6.8	37	23.5
1986-09-13	0	10.5	37	26
1986-09-14	0	8.4	36	27
1986-09-15	0	12	36	26
1986-09-16	0	9.5	35	26
1986-09-17	0	12.8	37	25
1986-09-18	0	9.3	37	26
1986-09-19	0	11.5	38	24
1986-09-20	0	11.4	37	26
1986-09-21	0	8.3	35	25
1986-09-22	3.5	5.9	32	26
1986-09-23	0	6.8	34	20.5
1986-09-24	0	8.2	34.5	20
1986-09-25	0	5.9	35	21
1986-09-26	0	9.3	34	22
1986-09-27	0	5.9	35	23
1986-09-28	0	6.3	35	24
1986-09-29	0	6.5	33	22
1986-09-30	0.01	8.6	32	21
1986-10-01	26.8	11.6	28	20
1986-10-02	0	4.8	28	20
1986-10-03	0	7.4	30	22
1986-10-04	0	9.7	30	21
1986-10-05	0	9.5	31	20
1986-10-06	0	6.4	30	21
1986-10-07	0	6.7	31	20
1986-10-08	0	7.1	31	21
1986-10-09	0	11.7	31	21
1986-10-10	0	7	32	19
1986-10-11	0	11.5	30	21
1986-10-12	0	8.5	31	20
1986-10-13	0	9.8	31	20
1986-10-14	0	8	32	21
1986-10-15	0	9.6	32	20
1986-10-16	0	8.4	31	20
1986-10-17	0	7.3	34	20
1986-10-18	0	8.2	36	21
1986-10-19	0	7.7	34	21
1986-10-20	0	6.7	32	23
1986-10-21	9.5	3.5	31	23
1986-10-22	0	2.4	31	21
1986-10-23	0	7	32	20
1986-10-24	0	3.7	30	19
1986-10-25	0	6.3	30	20
1986-10-26	0	8.4	34	21
1986-10-27	0	8.2	31	19
1986-10-28	0	5.4	32	19
1986-10-29	0	6.5	32	19
1986-10-30	0	12.1	33	18
1986-10-31	0	8	34	20
1986-11-01	0	NULO	34	22
1986-11-02	0	NULO	35	22
1986-11-03	0	NULO	31	25
1986-11-04	0	NULO	29	21
1986-11-05	0	6.8	28	21
1986-11-06	0	7.8	29	20
1986-11-07	0	7.7	29	18
1986-11-08	0	4.2	30	18
1986-11-09	0	8.5	27	20
1986-11-10	0	8.6	27	20
1986-11-11	0	7.3	29	22
1986-11-12	0	8.9	29	20
1986-11-13	0	8.4	30	22
1986-11-14	0	8.4	29	23
1986-11-15	0	8.4	27	20
1986-11-16	0	6.2	26	22
1986-11-17	0	6.3	31	21
1986-11-18	0	5.3	33	17
1986-11-19	0	NULO	31	18
1986-11-20	0	NULO	31	17
1986-11-21	0	NULO	28	17
1986-11-22	0	NULO	29	16
1986-11-23	0	NULO	27	21
1986-11-24	0	4.9	26	20
1986-11-25	0	5	26	14
1986-11-26	0	10.7	22	10
1986-11-27	0	10.5	24	15
1986-11-28	0	9.4	26	20
1986-11-29	0	6.5	26	20
1986-11-30	0	7.7	23	14
1986-12-01	0	8.7	22	12
1986-12-02	0	6.5	24	16
1986-12-03	0	6.7	27	13
1986-12-04	0	5	28	14
1986-12-05	0	6.3	30	16
1986-12-06	0	3.5	28	18
1986-12-07	0	5.2	26	18
1986-12-08	0	7.5	24	19
1986-12-09	0	NULO	32	17
1986-12-10	0	NULO	26	14
1986-12-11	0	NULO	29	16
1986-12-12	0	NULO	30	17
1986-12-13	0	4	27	11.5
1986-12-14	0	5.4	24	19
1986-12-15	17	5.5	30	20
1986-12-16	0	2.7	24	19
1986-12-17	0	2.1	26	19
1986-12-18	0	3.5	25	14
1986-12-19	0	4.7	24	20
1986-12-20	0	2.5	23	17
1986-12-21	0	6.5	23	19
1986-12-22	0	4.2	22	16
1986-12-23	0	3.3	24	17
1986-12-24	0	5.3	25	15
1986-12-25	0	4.9	23	15
1986-12-26	0	5.9	24	15
1986-12-27	0	4.3	22	15
1986-12-28	0	2.7	22	11
1986-12-29	0	3.2	23	12
1986-12-30	0	3.4	24	14
1986-12-31	0	4.5	23	14
1987-01-01	0	5.5	23	13
1987-01-02	0	5	24	12
1987-01-03	0	5.6	24	11
1987-01-04	0	3.2	23	11
1987-01-05	0	5.9	25	10
1987-01-06	0	4.8	23	14
1987-01-07	0	6	22	14
1987-01-08	0	1.9	23	12
1987-01-09	0	6.7	20	15
1987-01-10	0	2	20	13
1987-01-11	0	4.2	21	12
1987-01-12	0	3.9	22.5	13
1987-01-13	0	6.8	23	13
1987-01-14	0	5.9	24	12
1987-01-15	0	3.6	20	12
1987-01-16	0	5.4	21	14
1987-01-17	0	5.8	22	16
1987-01-18	0	2.5	21	13
1987-01-19	0	5	21	12
1987-01-20	0	5.4	22	11
1987-01-21	0	6.2	23	12
1987-01-22	0	3.9	21	12
1987-01-23	0	4.7	19	8
1987-01-24	0	5.5	23	9
1987-01-25	0	6.5	22	14
1987-01-26	0	5.3	23	14
1987-01-27	0	4.9	27	14
1987-01-28	0	7.2	31	12
1987-01-29	0	7.1	31	15
1987-01-30	0	6.6	29	20
1987-01-31	0	2.5	23	15
1987-02-01	0	6.5	22	11
1987-02-02	0	3.1	23	10
1987-02-03	0	6.8	27	10
1987-02-04	0	5.4	25	11
1987-02-05	0	5.4	23	12
1987-02-06	0	4.7	27	11
1987-02-07	0	6.5	21	11
1987-02-08	0	7.5	25	11
1987-02-09	0	4.8	26	12
1987-02-10	0	6.4	27	13
1987-02-11	0	7.7	30	14
1987-02-12	0	3.9	27	13
1987-02-13	0	8.5	27	13
1987-02-14	0	6.6	24	13
1987-02-15	0	8.5	26	12
1987-02-16	0	7.2	24	14
1987-02-17	0	7.2	23	14
1987-02-18	0	7.9	23	11
1987-02-19	0	4.9	19	10
1987-02-20	0	5.3	23	14
1987-02-21	0	4.7	22	14
1987-02-22	0	5.1	22	12
1987-02-23	0	5.7	20.5	13
1987-02-24	0	6.3	21	13.5
1987-02-25	0	7.4	24.5	12
1987-02-26	0	7.6	22.5	15
1987-02-27	0	5.3	21.5	14
1987-02-28	0	5.9	19	15
1987-03-01	0	6.5	23	9
1987-03-02	0	3.6	23	10
1987-03-03	0	4.8	26	11
1987-03-04	0	6.9	26	13
1987-03-05	0	6.7	27	15
1987-03-06	0	6.5	30	17
1987-03-07	0	3.5	28	16
1987-03-08	0	3.8	28	15
1987-03-09	0	3	28	14
1987-03-10	0	5.9	29	14
1987-03-11	0	7.9	22	19
1987-03-12	0	4.2	29	20
1987-03-13	0	7.1	30	20
1987-03-14	0	6.6	32	14
1987-03-15	0	6.2	28	14
1987-03-16	0	8.7	24	13
1987-03-17	0	6.2	22	14.5
1987-03-18	0	5.1	22.5	12
1987-03-19	0	5	26	16
1987-03-20	0	7.2	25	15
1987-03-21	0	6.2	21	14
1987-03-22	0	5.9	20	15
1987-03-23	0	7.1	23	17
1987-03-24	0	7.1	23	14
1987-03-25	0	6.1	23	15
1987-03-26	0	5.9	24	15
1987-03-27	0	4.4	25	14
1987-03-28	0	8.8	25	12
1987-03-29	0	4.7	23	13
1987-03-30	0	7.1	24	13
1987-03-31	0	7.8	22	14
1987-04-01	0	4.2	32	12
1987-04-02	0	5.4	29	12
1987-04-03	0	4.8	30	15
1987-04-04	0	4.5	29	15
1987-04-05	0	5.5	24	15
1987-04-06	0	7	27	17
1987-04-07	0	8.4	26	20
1987-04-08	0	7.9	30	19
1987-04-09	0	8.9	29	19
1987-04-10	0	9.7	31	20
1987-04-11	0	10.5	32	17
1987-04-12	0	7.8	30	17
1987-04-13	0	6	24	16
1987-04-14	0	8.3	31	13
1987-04-15	0	5.9	34	14
1987-04-16	0	8.2	34	15
1987-04-17	0	5.2	36	21
1987-04-18	0	5.3	32	23
1987-04-19	3	4.3	29	20
1987-04-20	0	7.2	30	20
1987-04-21	0	6.1	30	19
1987-04-22	0	7.6	31	19
1987-04-23	0	7.1	31	18
1987-04-24	0	6.1	30.5	19
1987-04-25	0	8.2	34	20.5
1987-04-26	0	6.9	34	19
1987-04-27	0	8.2	33	19
1987-04-28	0	7.7	32	15
1987-04-29	0	5.7	29	15
1987-04-30	0	6.8	22	16
