COMISIÓN NACIONAL DEL AGUA
COORDINACIÓN GENERAL DEL SERVICIO METEOROLÓGICO NACIONAL
BASE DE DATOS CLIMATOLÓGICA NACIONAL 

REGISTRO DIARIO HISTÓRICO
EMISIÓN   : 01/05/2026 

DATOS DISPONIBLES EN LA BASE DE DATOS A: MAY DE 2026; 
CON LA INFORMACIÓN SUMINISTRADA POR LAS UNIDADES ADMINISTRATIVAS 

 ESTACIÓN  : 3021 
 NOMBRE    : LA AGUJA 
 ESTADO    : BAJA CALIFORNIA SUR 
 MUNICIPIO : LA PAZ 
 SITUACIÓN : SUSPENDIDA 
 CVE-OMM   :   
 LATITUD   : 23.98333333 ° 
 LONGITUD  : -110.8833333 ° 
 ALTITUD   : 27 msnm 




FECHA		PRECIP	EVAP	TMAX	TMIN
		(mm)	(mm)	(°C )	(°C)
1961-01-19	0	2.7	23	11
1961-01-20	0	1.7	18	12
1961-01-21	0	3.6	16	10
1961-01-22	0	2.8	14	11
1961-01-23	0	2.2	15	10
1961-01-24	0	2	21	10
1961-01-25	0	4.8	17	11
1961-01-26	0	2.3	15	10
1961-01-27	0	2.7	14	11
1961-01-28	0	3.4	21	11
1961-01-29	0	4.1	21	10
1961-01-30	0	3.6	23	10
1961-01-31	0	3.4	19	9
1962-01-01	0	3.2	18	10
1962-01-02	0	2.1	23	12
1962-01-03	0	2.4	21	7
1962-01-04	0	2.1	22	9
1962-01-05	0	2.3	23	12
1962-01-06	0	3.9	18	7
1962-01-07	0	4.4	21	10
1962-01-08	0	4.6	24	10
1962-01-09	0	4.1	26	8
1962-01-10	0	3.2	25	9
1962-01-11	0	3.7	23	12
1962-01-12	0	4.1	20	13
1962-01-13	0	3.6	22	10
1962-01-14	0	3	22	11
1962-01-15	0	4	21	12
1962-01-16	0	4.1	24	13
1962-01-17	0	3.2	26	13
1962-01-18	0	3.1	21	9
1962-01-19	0	3.8	18	7
1962-01-20	0	2.7	21	8
1962-01-21	0	2.4	23	9
1962-01-22	0	2	24	10
1962-01-23	0	3.5	24	12
1962-01-24	0	1.8	21	13
1962-01-25	0	3.2	20	14
1962-01-26	0	2.2	21	11
1962-01-27	0	2.6	22	11
1962-01-28	0	3.3	25	8
1962-01-29	0	3	21	9
1962-01-30	0	2.6	18	10
1962-01-31	0	2.5	19	12
1962-02-01	0	3	23	9
1962-02-02	0	2.7	19	10
1962-02-03	0	2.8	18	11
1962-02-04	0	3.9	17	9
1962-02-05	0	3.1	21	12
1962-02-06	0	2.3	22	13
1962-02-07	0	2.2	26	13
1962-02-08	0	2.4	24	11
1962-02-09	0	3.2	22	14
1962-02-10	0	3.2	26	12
1962-02-11	0	2.8	23	11
1962-02-12	0	3.1	22	11
1962-02-13	0	3.7	24	12
1962-02-14	0	4.2	25	11
1962-02-15	0	2.3	24	10
1962-02-16	0	4.7	24	10
1962-02-17	0	4.3	21	12
1962-02-18	0	4.8	21	10
1962-02-19	0	3.3	24	10
1962-02-20	0	3.5	22	12
1962-02-21	0	3.7	26	13
1962-02-22	0	4.1	23	14
1962-02-23	0	4.7	22	7
1962-02-24	0	5	23	14
1962-02-25	0	5.1	19	13
1962-02-26	0	5	20	12
1962-02-27	0	5.2	22	10
1962-02-28	0	4.8	20	9
1962-03-01	0	3.4	24	11
1962-03-02	0	4.2	24	9
1962-03-03	0	4.3	27	10
1962-03-04	0	3.9	25	9
1962-03-05	0	3	24	7
1962-03-06	0	4.8	19	8
1962-03-07	0	4.3	24	10
1962-03-08	0	3.3	19	9
1962-03-09	0	3.7	23	10
1962-03-10	0	4.7	24	11
1962-03-11	0	5.1	24	9
1962-03-12	0	4.7	25	8
1962-03-13	0	3.8	27	7
1962-03-14	0	4.1	23	10
1962-03-15	0	5.5	24	11
1962-03-16	0	4.9	24	9
1962-03-17	0	4.3	20	9
1962-03-18	0	3	19	8
1962-03-19	0	3.6	22	10
1962-03-20	0	4	19	12
1962-03-21	0	3.8	19	10
1962-03-22	0	3.3	24	11
1962-03-23	0	4	22	12
1962-03-24	0	4.4	25	11
1962-03-25	0	4.1	23	11
1962-03-26	0	4	22	14
1962-03-27	0	4.1	24	12
1962-03-28	0	4.2	25	10
1962-03-29	0	4.2	23	8
1962-03-30	0	4.8	19	12
1962-03-31	0	4.3	21	12
1962-04-01	0	4.4	18	13
1962-04-02	0	4	19	14
1962-04-03	0	4.6	19	13
1962-04-04	0	4.3	22	16
1962-04-05	0	4.6	21	11
1962-04-06	0	3.2	25	14
1962-04-07	0	3.6	21	12
1962-04-08	0	4.3	20	13
1962-04-09	0	2.8	18	10
1962-04-10	0	3.5	25	12
1962-04-11	0	5	17	14
1962-04-12	0	4.8	20	12
1962-04-13	0	4.3	25	10
1962-04-14	0	5.7	26	14
1962-04-15	0	4.1	23	15
1962-04-16	0	4.2	20	15
1962-04-17	0	3.9	22	12
1962-04-18	0	4.2	21	11
1962-04-19	0	4	18	13
1962-04-20	0	4.1	20	12
1962-04-21	0	3.7	21	10
1962-04-22	0	4.8	22	14
1962-04-23	0	3.5	20	11
1962-04-24	0	3.5	25	10
1962-04-25	0	3.8	22	14
1962-04-26	0	3.8	21	9
1962-04-27	0	4	26	13
1962-04-28	0	4	25	12
1962-04-29	0	4	21	14
1962-04-30	0	4	20	13
1962-05-01	0	5.1	25	10
1962-05-02	0	6.3	21	14
1962-05-03	0	4.3	20	15
1962-05-04	0	3.2	24	10
1962-05-05	0	3.8	16	14
1962-05-06	0	4.1	17	13
1962-05-07	0	3.4	19	14
1962-05-08	0	4.5	16	14
1962-05-09	0	4.2	20	13
1962-05-10	0	4.5	25	14
1962-05-11	0	4.9	21	11
1962-05-12	0	5.5	18	11
1962-05-13	0	5.1	15	12
1962-05-14	0	5	21	13
1962-05-15	0	5	17	12
1962-05-16	0	5	18	13
1962-05-17	0	4.8	24	12
1962-05-18	0	5.9	21	15
1962-05-19	0	4.7	26	14
1962-05-20	0	5.9	24	15
1962-05-21	0	7.6	24	14
1962-05-22	0	5.2	21	16
1962-05-23	0	7.2	22	14
1962-05-24	0	5.7	27	13
1962-05-25	0	5.4	25	17
1962-05-26	0	7.3	24	18
1962-05-27	0	5.5	21	17
1962-05-28	0	7.2	23	15
1962-05-29	0	7	24	14
1962-05-30	0	5.4	20	10
1962-05-31	0	6.5	21	11
1962-06-01	0	8.6	24	17
1962-06-02	0	9.2	21	11
1962-06-03	0	4.9	19	16
1962-06-04	0	5.6	22	15
1962-06-05	0	6.7	24	12
1962-06-06	0	6.9	27	14
1962-06-07	0	6.1	25	17
1962-06-08	0	6.3	24	14
1962-06-09	0	5.3	24	17
1962-06-10	0	5.7	25	14
1962-06-11	0	7.2	22	15
1962-06-12	0	6.6	24	18
1962-06-13	0	5.4	24	12
1962-06-14	0	5.8	23	14
1962-06-15	0	7.9	29	18
1962-06-16	0	5.8	24	16
1962-06-17	0	5.9	22	17
1962-06-18	0	5.4	23	18
1962-06-19	0	5.1	27	18
1962-06-20	0	5.9	25	20
1962-06-21	0	6	26	17
1962-06-22	0	4.5	26	17
1962-06-23	0	4.9	22	15
1962-06-24	0	4.6	24	14
1962-06-25	0	5.8	26	16
1962-06-26	0	6.2	26	15
1962-06-27	0	5.6	28	18
1962-06-28	0	7.4	31	16
1962-06-29	0	8	29	20
1962-06-30	0	7	28	18
1963-09-01	0	8.2	35	30
1963-09-02	0	8	34	30
1963-09-03	0	8.3	35	30
1963-09-04	0	8.2	36	30
1963-09-05	0	8.1	36	31
1963-09-06	0	8	33	31
1963-09-07	0	8.1	35	29
1963-09-08	0	8.3	35	30
1963-09-09	0	8.2	36	30
1963-09-10	0	7.1	35	30
1963-09-11	0	8.1	35	31
1963-09-12	0	8.4	36	32
1963-09-13	0	8.3	36	32
1963-09-14	0	8.3	33	29
1963-09-15	0	8.1	36	28
1963-09-16	0	8.3	35	30
1963-09-17	0	8.6	33	31
1963-09-18	0	8.2	34	30
1963-09-19	0	8.1	34	30
1963-09-20	0	8.2	35	30
1963-09-21	0	8.2	33	30
1963-09-22	0	8.2	32	29
1963-09-23	0	8.3	35	30
1963-09-24	0	8.3	34	30
1963-09-25	0	8.1	34	30
1963-09-26	0	8.2	35	31
1963-09-27	0	8.3	36	32
1963-09-28	0	8.2	36	31
1963-09-29	0	7.9	37	32
1963-09-30	0	7.9	35	32
1963-10-01	0	8.3	35	31
1963-10-02	0	8.3	33	31
1963-10-03	0	8.4	36	30
1963-10-04	0	8.1	36	31
1963-10-05	0	8.2	38	29
1963-10-06	0	8.4	36	30
1963-10-07	0	8.3	35	28
1963-10-08	0	8.5	38	31
1963-10-09	0	8.3	37	30
1963-10-10	0	7.6	36	30
1963-10-11	0	8.7	36	28
1963-10-12	0	8.1	36	29
1963-10-13	0	8.3	37	20
1963-10-14	0	8.2	35	22
1963-10-15	0	8.3	36	25
1963-10-16	0	8.6	36	22
1963-10-17	0	8.2	35	22
1963-10-18	0	8.2	34	23
1963-10-19	0	8.3	33	21
1963-10-20	0	8.2	35	22
1963-10-21	0	6.4	34	23
1963-10-22	0	8.4	34	24
1963-10-23	0	9.1	35	26
1963-10-24	0	7.6	35	25
1963-10-25	0	8.3	36	24
1963-10-26	0	8.3	34	22
1963-10-27	0	7.8	34	20
1963-10-28	0	8.4	35	21
1963-10-29	0	8	34	21
1963-10-30	0	8.1	35	23
1963-10-31	0	8	34	22
1963-11-01	0	5.9	35	31
1963-11-02	0	6.8	36	31
1963-11-03	0	7.1	35	29
1963-11-04	0	7	35	29
1963-11-05	0	6.1	36	30
1963-11-06	0	7.3	35	31
1963-11-07	0	6.9	35	30
1963-11-08	0	6.2	36	30
1963-11-09	0	8.2	36	30
1963-11-10	0	8.1	35	30
1963-11-11	0	7.9	36	30
1963-11-12	0	8.2	36	32
1963-11-13	0	8.2	34	32
1963-11-14	0	8.3	35	30
1963-11-15	0	8.1	35	30
1963-11-16	0	8	36	32
1963-11-17	0	7.9	37	32
1963-11-18	0	8.2	34	32
1963-11-19	0	8.3	35	30
1963-11-20	0	8	34	30
1963-11-21	0	8.3	35	29
1963-11-22	0	8.4	35	30
1963-11-23	0	8.1	35	30
1963-11-24	0	8.2	36	31
1963-11-25	0	8.4	34	32
1963-11-26	0	7.9	36	31
1963-11-27	0	8.2	35	32
1963-11-28	0	8	35	31
1963-11-29	0	8.2	34	30
1963-11-30	0	8.1	35	30
1963-12-01	0	8.4	30	17
1963-12-02	0	7.7	30	19
1963-12-03	0	7.3	31	18
1963-12-04	0	7.2	32	17
1963-12-05	0	6.4	30	18
1963-12-06	0	7.4	31	17
1963-12-07	0	7.1	29	18
1963-12-08	0	7	30	18
1963-12-09	0	7.2	28	16
1963-12-10	0	6.9	30	19
1963-12-11	0	6.7	27	17
1963-12-12	0	7.2	28	15
1963-12-13	0	7.2	31	18
1963-12-14	0	6.8	29	17
1963-12-15	0	7.5	31	17
1963-12-16	0	7.4	28	16
1963-12-17	0	7.4	27	18
1963-12-18	0	6.7	30	15
1963-12-19	0	6.9	31	17
1963-12-20	0	6.5	31	16
1963-12-21	0	6.8	30	16
1963-12-22	0	6.6	29	17
1963-12-23	0	7.7	30	17
1963-12-24	0	7.1	29	15
1963-12-25	0	6.8	30	16
1963-12-26	0	6.9	28	15
1963-12-27	0	6.1	29	15
1963-12-28	0	6.3	28	14
1963-12-29	0	6.3	25	13
1963-12-30	0	6.2	27	11
1963-12-31	0	6.3	25	11
1964-01-01	0	5.1	30	21
1964-01-02	0	6.6	30	22
1964-01-03	0	6.3	30	20
1964-01-04	0	6.1	29	20
1964-01-05	0	6.3	28	21
1964-01-06	0	7.8	29	22
1964-01-07	0	6.3	28	23
1964-01-08	0	6.3	28	20
1964-01-09	0	6.1	29	18
1964-01-10	0	6.2	30	20
1964-01-11	0	6.2	28	18
1964-01-12	0	6.6	27	23
1964-01-13	0	6.2	26	21
1964-01-14	0	6	27	22
1964-01-15	0	6.3	30	20
1964-01-16	0	6.3	29	21
1964-01-17	0	6.2	30	21
1964-01-18	0	6.3	28	20
1964-01-19	0	6.5	30	22
1964-01-20	0	6.1	29	21
1964-01-21	0	6.2	30	23
1964-01-22	0	6.2	31	21
1964-01-23	0	7	30	20
1964-01-24	0	6.9	31	21
1964-01-25	0	6.8	25	18
1964-01-26	0	7	24	19
1964-01-27	0	6.8	30	16
1964-01-28	0	7.4	30	18
1964-01-29	0	8.9	31	18
1964-01-30	0	7	29	16
1964-01-31	0	7.6	30	16
1964-02-01	0	4.2	28	16
1964-02-02	0	4.3	29	14
1964-02-03	0	6.1	28	14
1964-02-04	0	5.9	26	15
1964-02-05	0	6.9	26	13
1964-02-06	0	5.3	28	14
1964-02-07	0	7.4	29	13
1964-02-08	0	5.8	26	14
1964-02-09	0	6.4	28	15
1964-02-10	0	4.9	26	14
1964-02-11	0	6.5	28	16
1964-02-12	0	5.7	25	14
1964-02-13	0	5.8	25	15
1964-02-14	0	7	24	16
1964-02-15	0	5.2	25	15
1964-02-16	0	5.5	24	13
1964-02-17	0	6.2	24	14
1964-02-18	0	5.5	25	13
1964-02-19	0	6.2	26	14
1964-02-20	0	6.8	25	15
1964-02-21	0	6.5	26	13
1964-02-22	0	6.4	24	14
1964-02-23	0	7.3	24	15
1964-02-24	0	6.3	25	14
1964-02-25	0	6.1	24	13
1964-02-26	0	6.9	26	14
1964-02-27	0	6.3	28	15
1964-02-28	0	6.2	26	14
1964-02-29	0	5.9	24	16
1964-03-01	0	5.9	24	10
1964-03-02	0	3.7	24	11
1964-03-03	0	3.9	22	12
1964-03-04	0	3.6	22	10
1964-03-05	0	5.9	22	13
1964-03-06	0	4.1	24	12
1964-03-07	0	5.7	26	10
1964-03-08	0	5.1	22	12
1964-03-09	0	4.7	23	14
1964-03-10	0	4.8	22	13
1964-03-11	0	5.8	25	13
1964-03-12	0	5.3	26	12
1964-03-13	0	4.4	25	10
1964-03-14	0	3.7	26	11
1964-03-15	0	5.3	25	13
1964-03-16	0	5.3	26	12
1964-03-17	0	5.2	29	11
1964-03-18	0	4.3	26	10
1964-03-19	0	5.5	26	13
1964-03-20	0	5.6	25	12
1964-03-21	0	5.4	22	14
1964-03-22	0	5.5	24	13
1964-03-23	0	4.8	24	10
1964-03-24	0	5.7	25	14
1964-03-25	0	4.4	23	13
1964-03-26	0	3.8	24	12
1964-03-27	0	4.1	24	10
1964-03-28	0	3.6	22	10
1964-03-29	0	4.8	24	14
1964-03-30	0	4.6	24	10
1964-03-31	0	3.3	25	14
1964-04-01	0	3.6	22	14
1964-04-02	0	6.2	25	13
1964-04-03	0	8.5	24	17
1964-04-04	0	8.2	22	16
1964-04-05	0	8.2	25	16
1964-04-06	0	7.9	22	14
1964-04-07	0	8	27	13
1964-04-08	0	8.1	29	14
1964-04-09	0	8	29	13
1964-04-10	0	8.2	27	16
1964-04-11	0	8	25	15
1964-04-12	0	7.8	30	16
1964-04-13	0	8	28	16
1964-04-14	0	7.9	29	17
1964-04-15	0	8.1	30	16
1964-04-16	0	8.1	29	15
1964-04-17	0	7.9	29	15
1964-04-18	0	7.8	29	14
1964-04-19	0	8.3	29	12
1964-04-20	0	8	25	16
1964-04-21	0	8.2	30	15
1964-04-22	0	8.3	28	16
1964-04-23	0	8.1	29	14
1964-04-24	0	8	29	16
1964-04-25	0	8	29	17
1964-04-26	0	8.2	27	14
1964-04-27	0	8.2	28	15
1964-04-28	0	8.1	29	12
1964-04-29	0	8.1	22	10
1964-04-30	0	8.3	30	14
1964-06-01	0	8.8	24	20
1964-06-02	0	9.4	25	20
1964-06-03	0	8.5	28	22
1964-06-04	0	8.4	26	20
1964-06-05	0	9.1	28	22
1964-06-06	0	8.3	27	21
1964-06-07	0	8.6	28	22
1964-06-08	0	9.1	26	20
1964-06-09	0	8.9	28	22
1964-06-10	0	8.5	28	20
1964-06-11	0	8.6	28	22
1964-06-12	0	9.1	30	23
1964-06-13	0	8.4	28	22
1964-06-14	0	8.5	28	23
1964-06-15	0	9	27	21
1964-06-16	0	8.6	28	20
1964-06-17	0	9.1	29	23
1964-06-18	0	8.5	28	20
1964-06-19	0	9.2	30	21
1964-06-20	0	8.5	35	22
1964-06-21	0	8.4	31	22
1964-06-22	0	9.1	34	20
1964-06-23	0	8.4	37	24
1964-06-24	0	8.7	35	22
1964-06-25	0	8.4	32	20
1964-06-26	0	9.1	30	22
1964-06-27	0	8.8	32	25
1964-06-28	0	8.8	36	24
1964-06-29	0	9.1	37	20
1964-06-30	0	8.8	38	21
1964-07-01	0	8.1	27	22
1964-07-02	0	8.2	27	20
1964-07-03	0	8.5	29	19
1964-07-04	0	8.3	29	18
1964-07-05	0	8.6	28	19
1964-07-06	0	8.4	30	18
1964-07-07	0	8.2	31	20
1964-07-08	0	9.1	32	20
1964-07-09	0	8.9	30	22
1964-07-10	0	8.4	29	19
1964-07-11	0	9	29	19
1964-07-12	0	8.2	28	18
1964-07-13	0	8.9	31	21
1964-07-14	0	8.6	31	20
1964-07-15	0	8.4	29	21
1964-07-16	0	8.5	30	19
1964-07-17	0	8.4	30	19
1964-07-18	0	8.7	29	19
1964-07-19	0	8.4	30	18
1964-07-20	0	8.6	29	20
1964-07-21	0	8.5	30	20
1964-07-22	0	8.5	30	19
1964-07-23	0	8.6	31	18
1964-07-24	0	8.5	30	21
1964-07-25	0	8.3	29	20
1964-07-26	0	8.5	31	18
1964-07-27	0	8.4	30	21
1964-07-28	0	9.4	31	20
1964-07-29	0	8.7	31	20
1964-07-30	0	8.3	30	20
1964-07-31	0	8.6	30	20
1964-08-01	0	8.4	31	19
1964-08-02	0	8.6	34	21
1964-08-03	0	7.6	32	18
1964-08-04	0	8.1	30	17
1964-08-05	0	7.7	30	18
1964-08-06	0	7.1	31	20
1964-08-07	0	8.6	32	21
1964-08-08	0	8.6	31	18
1964-08-09	0	9.2	29	22
1964-08-10	0	8.7	30	17
1964-08-11	0	8.7	31	18
1964-08-12	0	6.5	32	18
1964-08-13	0	9.8	34	20
1964-08-14	0	7.8	33	18
1964-08-15	0	6.4	31	17
1964-08-16	0	6.7	32	19
1964-08-17	0	7.4	31	18
1964-08-18	0	7.2	31	17
1964-08-19	0	7.8	30	18
1964-08-20	0	8.6	32	17
1964-08-21	0	7.4	29	22
1964-08-22	0	6.2	32	18
1964-08-23	0	8.7	30	20
1964-08-24	0	5.7	31	16
1964-08-25	0	5.7	32	17
1964-08-26	0	5.8	33	19
1964-08-27	0	7.6	32	18
1964-08-28	0	8.3	33	19
1964-08-29	0	9.2	30	18
1964-08-30	0	7.4	30	17
1964-08-31	0	6.9	32	17
1964-09-01	0	6.1	24	19
1964-09-02	0	7.8	29	17
1964-09-03	0	6.6	30	17
1964-09-04	0	6.8	31	19
1964-09-05	0	8.7	31	17
1964-09-06	0	7.5	31	17
1964-09-07	0	7.5	30	18
1964-09-08	0	7.6	32	16
1964-09-09	0	8.1	31	18
1964-09-10	0	6.1	32	19
1964-09-11	0	8.1	31	17
1964-09-12	0	8.3	32	17
1964-09-13	0	7.8	34	18
1964-09-14	0	9.8	31	19
1964-09-15	0	8.7	31	17
1964-09-16	0	8.7	31	18
1964-09-17	0	8.4	30	18
1964-09-18	0	6.2	30	17
1964-09-19	0	7.7	32	16
1964-09-20	0	6.5	31	17
1964-09-21	0	6.8	32	16
1964-09-22	0	7.3	32	17
1964-09-23	0	8.7	31	16
1964-09-24	0	7.9	34	17
1964-09-25	0	7.3	33	19
1964-09-26	0	8.5	32	18
1964-09-27	0	6.8	32	18
1964-09-28	0	7.4	30	17
1964-09-29	0	8.2	32	16
1964-09-30	0	9	30	17
1964-10-01	0	6.8	31	17
1964-10-02	0	5.8	32	18
1964-10-03	0	7.7	30	20
1964-10-04	0	7.2	29	22
1964-10-05	0	6.6	32	19
1964-10-06	0	7.4	28	22
1964-10-07	0	6.2	29	19
1964-10-08	0	6.7	30	20
1964-10-09	0	7.3	31	21
1964-10-10	0	7	32	22
1964-10-11	0	6.3	29	23
1964-10-12	0	7.5	29	20
1964-10-13	0	6.1	28	19
1964-10-14	0	5.4	29	18
1964-10-15	0	5.4	26	18
1964-10-16	0	7.2	28	17
1964-10-17	0	6.5	28	20
1964-10-18	0	5.3	30	20
1964-10-19	0	5.3	29	20
1964-10-20	0	7.2	25	19
1964-10-21	0	5.2	24	18
1964-10-22	0	5.1	29	18
1964-10-23	0	4.7	27	20
1964-10-24	0	5.1	29	16
1964-10-25	0	4.8	28	17
1964-10-26	0	6.1	28	19
1964-10-27	0	5.5	29	20
1964-10-28	0	6.1	28	20
1964-10-29	0	6.9	29	19
1964-10-30	0	5.6	27	21
1964-10-31	0	6.3	28	18
1964-11-01	0	4.5	29	16
1964-11-02	0	4.9	31	18
1964-11-03	0	4.8	28	16
1964-11-04	0	5.8	30	17
1964-11-05	0	4.3	29	18
1964-11-06	0	4.4	28	16
1964-11-07	0	4.7	30	19
1964-11-08	0	4.8	27	17
1964-11-09	0	5.1	30	18
1964-11-10	0	6	31	19
1964-11-11	0	5.2	30	18
1964-11-12	0	4.2	28	16
1964-11-13	0	4.4	29	18
1964-11-14	0	3.9	29	19
1964-11-15	0	3.9	30	18
1964-11-16	0	2.9	27	16
1964-11-17	0	3.9	29	17
1964-11-18	0	4.4	28	19
1964-11-19	0	3.9	31	16
1964-11-20	0	3.8	29	18
1964-11-21	0	3.7	28	16
1964-11-22	0	4.1	29	17
1964-11-23	0	3.5	30	16
1964-11-24	0	3.1	27	16
1964-11-25	0	3.4	28	15
1964-11-26	0	3.8	26	15
1964-11-27	0	3	27	16
1964-11-28	0	3.3	26	15
1964-11-29	0	3.2	28	14
1964-11-30	0	3.5	25	15
1964-12-01	0	4.2	23	16
1964-12-02	0	4	25	15
1964-12-03	0	3.3	24	16
1964-12-04	0	3.2	21	14
1964-12-05	0	3.4	23	15
1964-12-06	0	3.2	21	13
1964-12-07	0	3	22	13
1964-12-08	0	3.1	24	15
1964-12-09	0	2.2	23	13
1964-12-10	0	2.1	21	11
1964-12-11	0	2.7	20	11
1964-12-12	0	3.7	23	12
1964-12-13	0	2.3	21	11
1964-12-14	0	3	22	10
1964-12-15	0	3.2	20	8
1964-12-16	0	3	21	10
1964-12-17	0	2.1	21	9
1964-12-18	0	2.9	20	10
1964-12-19	0	3.4	20	8
1964-12-20	0	4	23	6
1964-12-21	0	3.1	22	9
1964-12-22	0	4	24	11
1964-12-23	0	3.4	23	10
1964-12-24	0	3	21	8
1964-12-25	0	2.2	24	11
1964-12-26	0	2.7	22	9
1964-12-27	0	2.4	20	6
1964-12-28	0	2.5	18	4
1964-12-29	0	3.4	20	6
1964-12-30	0	2.9	19	7
1964-12-31	0	3	21	4
1965-01-01	0	3.8	20	6
1965-01-02	0	2.4	22	8
1965-01-03	0	2.3	20	10
1965-01-04	0.1	1.9	18	9
1965-01-05	0	2.1	19	11
1965-01-06	0	1.3	19	8
1965-01-07	0	2.6	21	10
1965-01-08	0.3	2.2	23	7
1965-01-09	0	2.8	20	9
1965-01-10	0	2.9	21	10
1965-01-11	0	3.3	20	11
1965-01-12	0	2.9	22	9
1965-01-13	0	2.2	21	7
1965-01-14	0	2.9	20	5
1965-01-15	0	1.2	18	3
1965-01-16	0.6	2.2	19	3
1965-01-17	0	2.2	20	5
1965-01-18	0	2.8	19	7
1965-01-19	0	2	17	4
1965-01-20	0.1	2.3	19	6
1965-01-21	0	2.7	16	2
1965-01-22	0	3.2	18	5
1965-01-23	0	3.2	16	3
1965-01-24	0	2.5	19	6
1965-01-25	0	3.8	21	8
1965-01-26	0	5.1	24	10
1965-01-27	0	4.6	22	9
1965-01-28	0.1	2.7	20	7
1965-01-29	0	3.8	19	9
1965-01-30	0	2.3	21	10
1965-01-31	0	3.2	18	7
1965-02-11	0	3.8	23	8
1965-02-12	0	5.1	21.5	9.5
1965-02-13	0	4.3	23	5.5
1965-02-14	0	4.5	22	1.5
1965-02-15	0	4.6	22.5	1.5
1965-02-16	0	4.5	21	2
1965-02-17	0	4.9	18.5	1.5
1965-02-18	0	4.2	20	2
1965-02-19	0	4.1	22.5	1.5
1965-02-20	0	3.4	21.5	1.5
1965-02-21	0	3	19	7
1965-02-22	0	3.1	21	7
1965-02-23	0	3.6	20	7
1965-02-24	0	3.8	21	7
1965-02-25	0	2.9	21	6
1965-02-26	0	2.9	21	5
1965-02-27	0	4.2	20	5.5
1965-02-28	0	3.7	21	6
1965-03-01	0	8.2	31	5
1965-03-02	0	5.7	31.5	5.5
1965-03-03	0	4.8	31.5	5
1965-03-04	0	4.9	31.5	5.5
1965-03-05	0	5.2	31	2.5
1965-03-06	0	1.8	30	2.5
1965-03-07	0	2.9	30	4
1965-03-08	0	1.8	30	4
1965-03-09	0	4.7	30	3.5
1965-03-10	0	2	30	5
1965-03-11	0	4.1	30	5
1965-03-12	0	7.2	30	5
1965-03-13	0	5.3	30	10
1965-03-14	0	4.3	30	6.5
1965-03-15	0	6.2	30	7
1965-03-16	0	6.1	30.5	6.5
1965-03-17	0	4.1	30	3.5
1965-03-18	0	4.2	30	3
1965-03-19	0	5.2	30	3.5
1965-03-20	0	4.2	30	4
1965-03-21	0	5.5	30	3.5
1965-03-22	0	2.9	30.5	10
1965-03-23	0	3.9	30	10.5
1965-03-24	0	8.2	30	10
1965-03-25	0	5	30	10
1965-03-26	0	4.2	30	9
1965-03-27	0	4	30.5	6.5
1965-03-28	0	5.5	31	7
1965-03-29	0	4.7	31.5	11
1965-03-30	0	4.3	31	7
1965-03-31	0	4.2	31	7
1965-04-01	0	3.8	31.5	7
1965-04-02	0	4.8	31	7
1965-04-03	0	3.8	31.5	4.5
1965-04-04	0	5.4	30	6
1965-04-05	0	6.2	30	7
1965-04-06	0	5.2	29	7
1965-04-07	0	5.3	30	6
1965-04-08	0	6.1	28	6
1965-04-09	0	6.7	26	12.5
1965-04-10	0	5.2	29	11.5
1965-04-11	0	4	30	12
1965-04-12	0	4	31	10
1965-04-13	0	5.6	27	10
1965-04-14	0	5.3	30	8
1965-04-15	0	4.5	30	8
1965-04-16	0	5.5	25	4.5
1965-04-17	0	3.7	26	5
1965-04-18	0	4.7	28	5
1965-04-19	0	6.3	27	8
1965-04-20	0	4.8	30	7.5
1965-04-21	0	6.7	28	8
1965-04-22	0	3.4	25	8
1965-04-23	0	4.8	27	7.5
1965-04-24	0	4.1	29	9
1965-04-25	0	5.3	30	8
1965-04-26	0	5.6	26	9.5
1965-04-27	0	4.8	25	9
1965-04-28	0	3.9	30	8
1965-04-29	0	5.9	28	10
1965-04-30	0	4.9	31	9
1965-05-01	0	6.4	30	10
1965-05-02	0	5.8	33	9.5
1965-05-03	0	5.1	31	4.5
1965-05-04	0	5.2	28	4.5
1965-05-05	0	5.9	27	4.5
1965-05-06	0	5	30	10
1965-05-07	0	4.8	34	14
1965-05-08	0	5.8	30	10
1965-05-09	0	4.7	26	4.5
1965-05-10	0	4.9	28	7
1965-05-11	0	6.7	30	6.5
1965-05-12	0	4.5	26	7
1965-05-13	0	6.3	31	7.5
1965-05-14	0	5.8	32	7
1965-05-15	0	6.2	29	5
1965-05-16	0	5.9	30	6
1965-05-17	0	5.4	34	5
1965-05-18	0	5.6	32	10
1965-05-19	0	5.4	30.5	9
1965-05-20	0	4.1	32	9
1965-05-21	0	5.3	30	7.5
1965-05-22	0	7.6	32.5	9
1965-05-23	0	7.4	30	9.5
1965-05-24	0	6.9	28	9
1965-05-25	0	7	32.5	9.5
1965-05-26	0	6.1	26	6.5
1965-05-27	0	6.2	27.5	8.5
1965-05-28	0	6.5	26.5	6.5
1965-05-29	0	4	30	7
1965-05-30	0	5.1	28	9
1965-05-31	0	6	31	7
1965-06-01	0	7	31	11
1965-06-02	0	6.6	29	13.5
1965-06-03	0	5.4	31	13.5
1965-06-04	0	8.8	28	6.5
1965-06-05	0	5.6	31	6.5
1965-06-06	0	8.3	30.5	6.5
1965-06-07	0	5.9	31	2.5
1965-06-08	0	6.1	33	3
1965-06-09	0	4.1	31	4
1965-06-10	0	5.8	30	3
1965-06-11	0	5.2	30	3.5
1965-06-12	0	4.7	31	4
1965-06-13	0	5.3	33	4
1965-06-14	0	7.1	34	5
1965-06-15	0	5.9	31	5
1965-06-16	0	4.8	28	4
1965-06-17	0	4.6	30	5
1965-06-18	0	4.7	32	8
1965-06-19	0	5	29	4
1965-06-20	0	6.9	27	5
1965-06-21	0	4.7	28	9
1965-06-22	0	8.7	30	6
1965-06-23	0	4.4	27	7
1965-06-24	0	5.8	29.5	8
1965-06-25	0	6.2	28.5	6
1965-06-26	0	7.6	30.5	7
1965-06-27	0	5	30	8
1965-06-28	0	7.8	31	7
1965-06-29	0	8.3	31.5	8
1965-06-30	0	8.2	32.5	9
1965-07-01	0	5.4	32	18
1965-07-02	0	5.9	31.5	16
1965-07-03	0	8.6	32	14
1965-07-04	0	5.6	31.5	10
1965-07-05	0	6.5	32	10
1965-07-06	0	5.5	32	12
1965-07-07	0	4	31.5	14
1965-07-08	0	5.5	33	10.5
1965-07-09	0	8.4	33	12
1965-07-10	0	9.4	33	13
1965-07-11	0	7.1	32.5	15
1965-07-12	0	6.7	31	11
1965-07-13	0	6.9	32	10
1965-07-14	0	6.3	32	13
1965-07-15	0	5.7	32	12
1965-07-16	0	5	31	12
1965-07-17	0	6.5	32	10
1965-07-18	0	7.3	32	8
1965-07-19	0	10.6	32	8
1965-07-20	0	4.5	30	9.5
1965-07-21	0	5.2	31	8
1965-07-22	0	8.2	32	10
1965-07-23	0	6.7	31	8.5
1965-07-24	0	7.4	34	11
1965-07-25	0	9.2	37.5	10.5
1965-07-26	0	10.6	35.5	9
1965-07-27	0	6.6	34.5	8
1965-07-28	0	8.8	35	8.5
1965-07-29	0	9.9	36	12.5
1965-07-30	0	8.4	35	8
1965-07-31	0	5.9	34.5	11
1966-02-01	0	NULO	32.5	18.5
1966-02-02	0	NULO	34	16
1966-02-03	0	NULO	32	14
1966-02-04	0	NULO	30	10
1966-02-05	0	NULO	34.5	10
1966-02-06	0	NULO	32	12
1966-02-07	0.7	NULO	31	14
1966-02-08	0.6	NULO	30	10
1966-02-09	0	NULO	30	12
1966-02-10	0	NULO	31	13
1966-02-11	0	NULO	30	15
1966-02-12	0	NULO	31	11
1966-02-13	0	NULO	30	10
1966-02-14	0	1.9	31	13
1966-02-15	0	3.2	37	12
1966-02-16	0	4	31.5	12
1966-02-17	0	6.7	35.5	10
1966-02-18	0	5.2	31	8
1966-02-19	0	4	34.5	8
1966-02-20	0	4.9	34.5	9
1966-02-21	0	5	32	8
1966-02-22	0	4.7	30	10
1966-02-23	0	5.2	31.5	8.5
1966-02-24	0	2.9	32	11
1966-02-25	0	2	34	10.5
1966-02-26	0	4.6	30	9
1966-02-27	0	5.6	29	8
1966-02-28	0	3.1	29	7
1966-03-01	0	3.9	30.5	10
1966-03-02	0	5.2	31.5	11
1966-03-03	0	4.8	27.5	13.5
1966-03-04	0	6.2	30	13
1966-03-05	0	4.6	28	6.5
1966-03-06	0	5.3	26.5	6.5
1966-03-07	0	4.4	25	6
1966-03-08	0	3.8	30	2.5
1966-03-09	0	3.8	27	3
1966-03-10	0	2.2	28	4
1966-03-11	0	2.7	25	4
1966-03-12	0	4.7	28	5
1966-03-13	0	3	29.5	5
1966-03-14	0	5.6	27.5	4
1966-03-15	0	4	30.5	9
1966-03-16	0	5.4	28	4
1966-03-17	0	3.7	30	5
1966-03-18	0	4.8	24	8
1966-03-19	0	4.8	22	4
1966-03-20	0	6.6	24	5
1966-03-21	0	5.6	22.5	8
1966-03-22	0	4.8	21	4
1966-03-23	0	5.4	20.5	5
1966-03-24	0	4.5	20	9
1966-03-25	0	4.9	22	6
1966-03-26	0	4.9	24	7
1966-03-27	0	2.6	21	3
1966-03-28	0	3.6	23	8
1966-03-29	0	3.6	29	1
1966-03-30	0	4.3	27	4
1966-03-31	0	5.6	28.5	5
1966-04-01	0	5.2	29	17
1966-04-02	0	6.4	30.5	18
1966-04-03	0	3.6	31.5	16
1966-04-04	0	5.1	30	14
1966-04-05	0	4.7	29	10
1966-04-06	0	5.8	29	10
1966-04-07	0	5.2	32	11
1966-04-08	0	5.4	30	13
1966-04-09	0	2.3	28.5	12
1966-04-10	0	2.7	29.5	13
1966-04-11	0	4.7	28.5	12
1966-04-12	0	4.8	30.5	14
1966-04-13	0	7.3	31.5	17
1966-04-14	0	5.7	31.5	13
1966-04-15	0	7.1	32	11
1966-04-16	0	6.1	29	11
1966-04-17	0	5	28.5	13
1966-04-18	0	6.7	29	11
1966-04-19	0	2.7	29.5	13
1966-04-20	0	3.1	32	11
1966-04-21	0	2.2	31	10
1966-04-22	0	3.7	27.5	12
1966-04-23	0	3.9	27.5	13
1966-04-24	0	5.9	29.5	11
1966-04-25	0	5.2	26	11
1966-04-26	0	6	31	12
1966-04-27	0	4.3	28.5	11
1966-04-28	0	5.8	28.5	8
1966-04-29	0	4.8	24.5	9
1966-04-30	0	7	26.5	10
1966-05-01	0	7.2	29	12
1966-05-02	0	4.5	25	10
1966-05-03	0	4.2	28	12
1966-05-04	0	3.4	26	12
1966-05-05	0	5.8	27	8
1966-05-06	0	4.8	28	11
1966-05-07	0	4.4	27.5	11
1966-05-08	0	7.4	27.5	10
1966-05-09	0	7.5	25.5	11
1966-05-10	0	6.4	25.5	7
1966-05-11	0	6.5	28	4
1966-05-12	0	6.4	28.5	7
1966-05-13	0	6.5	28	10
1966-05-14	0	6.6	29	11
1966-05-15	0	6.7	25	10
1966-05-16	0	NULO	27.5	9
1966-05-17	0	NULO	32	12
1966-05-18	0	NULO	26.5	13.5
1966-05-19	0	NULO	31	13
1966-05-20	0	NULO	28	11
1966-05-21	0	NULO	30	12
1966-05-22	0	5.9	31	15
1966-05-23	0	5.4	30	15
1966-05-24	0	6.4	31	12
1966-05-25	0	4.3	29	14
1966-05-26	0	4.5	28	12
1966-05-27	0	4.6	31	12
1966-05-28	0	4.7	29	13.5
1966-05-29	0	6.1	27	11.5
1966-05-30	0	4.5	31.5	14.5
1966-05-31	0	5.2	31	15
1966-06-01	0	8.5	28.5	13
1966-06-02	0	10.5	27	12
1966-06-03	0	9.3	28	13.5
1966-06-04	0	9.4	29.5	14.5
1966-06-05	0	7.1	30.5	14.5
1966-06-06	0	6.2	29.5	16.5
1966-06-07	0	6.4	32	14
1966-06-08	0	7.2	34	15
1966-06-09	0	8.1	34	15
1966-06-10	0	7.5	32	13
1966-06-11	0	7.7	31	13.5
1966-06-12	0	7.2	29	12
1966-06-13	0	6.3	32	11
1966-06-14	0	7.8	28	11.5
1966-06-15	0	8.4	29	15
1966-06-16	0	7.9	28.5	12
1966-06-17	0	9.3	32	15
1966-06-18	0	7.8	30.5	15
1966-06-19	0	7.3	29	16
1966-06-20	0	9.2	28	15
1966-06-21	0	8.1	30.5	14
1966-06-22	0	6.7	28	16.5
1966-06-23	0	5.1	31	13
1966-06-24	0	4.8	32	15
1966-06-25	0	5.3	28	15
1966-06-26	0	5.6	29.5	15
1966-06-27	0	6.9	27	13
1966-06-28	0	5.4	28	14
1966-06-29	0	5.9	28	15
1966-06-30	0	6	30	14.5
1966-07-01	0	7.8	28	15
1966-07-02	0	5.6	31	17
1966-07-03	0	6.8	30	15
1966-07-04	0	7.2	34	18
1966-07-05	0	6.9	38	20
1966-07-06	0	5.9	35	21
1966-07-07	0	6.7	37	20.5
1966-07-08	0	6.4	34	21
1966-07-09	0	6.5	37.5	23
1966-07-10	0	7.8	35	21.5
1966-07-11	0	5.6	36	23
1966-07-12	0	7.7	37	21.5
1966-07-13	0	6.8	33	20
1966-07-14	0	5.2	35	22
1966-07-15	0	5.7	33	21
1966-07-16	0	5.6	36.5	22
1966-07-17	2	NULO	33.5	24
1966-07-18	0	7.9	39	23
1966-07-19	0	6.8	38	22
1966-07-20	0	5.2	35	21
1966-07-21	0	6.6	36	20
1966-07-22	0	6.6	34	21
1966-07-23	0	5.9	37.5	22
1966-07-24	0	7.4	36	20
1966-07-25	0	8.4	33	20
1966-07-26	0	5.3	32	20.5
1966-07-27	0	6	34.5	22
1966-07-28	0	7.8	35	21
1966-07-29	0	7.2	33	20
1966-07-30	0	6.1	34.5	21
1966-07-31	0	7.2	31	19
1966-08-01	0	4.3	35	23
1966-08-02	0	6.3	33	25
1966-08-03	0	5.6	31.5	23
1966-08-04	0	5.9	32	20
1966-08-05	0	6.1	34	21
1966-08-06	0	5.3	36	20
1966-08-07	0	4.4	34	21
1966-08-08	0	6.3	32	20
1966-08-09	0	7.2	31	21
1966-08-10	0	4.4	31	20
1966-08-11	0	4.9	30.5	22
1966-08-12	0	6.4	31	21
1966-08-13	0	7.1	37	20
1966-08-14	0	6.7	38.5	21.5
1966-08-15	0	6.9	35	23
1966-08-16	0	7.7	34	25
1966-08-17	0	5.5	36	23
1966-08-18	0	6.7	32	25.5
1966-08-19	0	6	34	26
1966-08-20	0	8.6	35	25
1966-08-21	0	9	36	24.5
1966-08-22	0	6.8	33	24
1966-08-23	0	5.7	34	22
1966-08-24	0	7	36	21
1966-08-25	0	7.2	33.5	20
1966-08-26	0	4.9	35	20.5
1966-08-27	0	6.6	36	23
1966-08-28	0	8.5	35	22
1966-08-29	0	6.8	37	20
1966-08-30	0	7.4	34	21
1966-08-31	0	5.9	36.5	20
1966-09-01	0	8.9	29	19
1966-09-02	0	8.2	29	20
1966-09-03	0	6.9	29	20
1966-09-04	0	5.2	29	20
1966-09-05	0	4.9	30	18.5
1966-09-06	0	5.7	29	19
1966-09-07	0	4.4	30	19
1966-09-08	0	4.7	29	19
1966-09-09	0	4.9	30	20
1966-09-10	0	7.3	31	20
1966-09-11	0	4	33	22.5
1966-09-12	0	5.3	31	23
1966-09-13	0	4.7	31	25
1966-09-14	0	4.7	31	25
1966-09-15	0	6.8	29	23
1966-09-16	0	4.6	31	24
1966-09-17	0	6.4	31	23
1966-09-18	0	5.2	30	20
1966-09-19	0	6.5	29	21
1966-09-20	0	6.2	30	19
1966-09-21	0	7.8	31	20.5
1966-09-22	0	8	30.5	20.5
1966-09-23	0	6	31	21
1966-09-24	0	7.2	31	21
1966-09-25	0	5.4	31	22
1966-09-26	0	6.7	31	20
1966-09-27	4.7	6.1	34	22
1966-09-28	0	8.2	32	22
1966-09-29	0	7.6	29	22
1966-09-30	0	7.8	31	19
1966-10-01	0	6.9	28	17
1966-10-02	0	6.1	27.5	18
1966-10-03	0	4.6	28	18
1966-10-04	0	5.2	30	19
1966-10-05	0	4.9	31	18
1966-10-06	0	4.1	28	19
1966-10-07	0	5.2	29.5	18
1966-10-08	0	5.9	30	19
1966-10-09	0	8.3	29	15
1966-10-10	0	8.4	29	17
1966-10-11	0	5.6	28	17
1966-10-12	0	6.5	30	15
1966-10-13	0	5.2	28.5	15
1966-10-14	0	4.6	28	14
1966-10-15	0	5	28	14
1966-10-16	0	5.5	26	13
1966-10-17	0	6.1	32	15
1966-10-18	0	4.5	30.5	16
1966-10-19	0	6.5	32	12
1966-10-20	0	5	29	11.5
1966-10-21	0	2.9	29	13
1966-10-22	0	2.4	31	14
1966-10-23	0	4.5	33	15
1966-10-24	0	6	34	16
1966-10-25	0	5.9	31	16
1966-10-26	0	5.5	35.5	17
1966-10-27	0	4.9	32	14
1966-10-28	0	4.7	30.5	14
1966-10-29	0	6.1	30	15
1966-10-30	0	4.3	32	13
1966-10-31	0	7.3	30	13
1966-11-01	0	3.5	30.5	11.5
1966-11-02	0	1.3	30	13.5
1966-11-03	0	5	29	13
1966-11-04	0	2.9	29	13
1966-11-05	0	2.8	27	13
1966-11-06	0	2.2	29	14
1966-11-07	0	2	31	16
1966-11-08	0	1.9	30	18
1966-11-09	0	2.3	29	12
1966-11-10	0	5.9	28.5	13
1966-11-11	0	5.7	29	14
1966-11-12	0	7.1	27	12
1966-11-13	0	3.6	30	13
1966-11-14	0	5	29	11
1966-11-15	0	3.1	28	12
1966-11-16	0	3.3	26	11
1966-11-17	0	1.8	27	11
1966-11-18	0	3.3	28	12
1966-11-19	0	2.5	28	12
1966-11-20	0	5.5	28.5	12
1966-11-21	0	4.3	28	10
1966-11-22	0	2.1	27	10
1966-11-23	0	3	26	11
1966-11-24	0	4.1	29.5	15
1966-11-25	0	4	29	15
1966-11-26	0	3.6	28	16
1966-11-27	0	4.2	28	8.5
1966-11-28	0	5.8	28	10
1966-11-29	0	2.9	28	10
1966-11-30	0	3.9	29	11
1966-12-01	0	2.5	27	5
1966-12-02	0	3	25	8
1966-12-03	0	3	25	11
1966-12-04	0	1.7	24	11
1966-12-05	0	1.5	25	11
1966-12-06	0	4	26	11
1966-12-07	0	5.8	24	11
1966-12-08	0	5.9	25	11
1966-12-09	0	3.1	25	11
1966-12-10	0	1.2	24	11
1966-12-11	0	4.6	26	10
1966-12-12	0	2.4	25	6
1966-12-13	0	2.6	27	9
1966-12-14	0	3.2	27	9
1966-12-15	0	5	25	9
1966-12-16	0	3.6	24	9
1966-12-17	0	3.5	27	8
1966-12-18	0	2.5	28	11
1966-12-19	0	1.8	26	11
1966-12-20	2.9	3.5	21	15
1966-12-21	0	2.9	26	14
1966-12-22	0	1.3	25	16
1966-12-23	0	1.7	26	12.5
1966-12-24	0	2	22	14
1966-12-25	0	1.3	22	12
1966-12-26	0	3.7	20.5	13
1966-12-27	0	2	21	13
1966-12-28	0	3.2	20.5	9.5
1966-12-29	0	4	21	5
1966-12-30	0	2.6	21	6
1966-12-31	0	2	22	10.5
1967-01-01	0	2.9	22.5	8
1967-01-02	0	2.9	21	6
1967-01-03	0	3.7	23	7
1967-01-04	0	2.9	25	10
1967-01-05	0	3.5	27	15
1967-01-06	0	2.5	26	3.5
1967-01-07	0	2.9	21	9
1967-01-08	0	3.6	23	5
1967-01-09	0	4.1	23	4
1967-01-10	0	4.5	24	5
1967-01-11	0	4	21	4
1967-01-12	0	4.5	24	5
1967-01-13	0	3.2	23	6
1967-01-14	0	4.5	24.5	7.5
1967-01-15	0	3.2	27	5
1967-01-16	0	4.5	25	7
1967-01-17	0	2.8	24.5	6
1967-01-18	0	3.1	25	7
1967-01-19	0	2.7	24	6
1967-01-20	0	2.8	23	7
1967-01-21	0	2.7	23	4.5
1967-01-22	0	2.8	22	5
1967-01-23	0	3.1	23	7
1967-01-24	0	2.8	26	5
1967-01-25	0	2.3	26	6
1967-01-26	0	4	26	7
1967-01-27	0	2.9	24	7
1967-01-28	0	3.5	23	6.5
1967-01-29	0	3.6	26	4
1967-01-30	0	2.4	25	6
1967-01-31	0	2.3	22	8
1967-02-01	0	5.8	23	8
1967-02-02	0	5.2	20	6
1967-02-03	0	4	21	7
1967-02-04	0	3	24	10
1967-02-05	0	2	20	9
1967-02-06	0	3.1	21	8
1967-02-07	0	3.9	20	13
1967-02-08	0	3.2	22	7
1967-02-09	0	1.9	24	10
1967-02-10	0	5.1	20	9
1967-02-11	0	2.9	22	5
1967-02-12	0	2.1	22	6
1967-02-13	0	2.7	24	8
1967-02-14	0	2	23	9
1967-02-15	0	3.1	25	10
1967-02-16	0	1.8	24	11
1967-02-17	0	3.4	25	11
1967-02-18	0	1.9	23	11
1967-02-19	0	2.8	22	10
1967-02-20	0	1.6	21	9
1967-02-21	0	1.7	20	7
1967-02-22	0	1.8	21	6
1967-02-23	0	3.1	20	5
1967-02-24	0	2.1	21	4
1967-02-25	0	1.4	23	3
1967-02-26	0	1.6	20	9
1967-02-27	0	1.9	24	10
1967-02-28	0	1.4	23	9
1967-03-01	0	2	20	6
1967-03-02	0	4.1	23	7
1967-03-03	0	2.2	22	5
1967-03-04	0	3.4	20	4
1967-03-05	0	3.7	19	10
1967-03-06	0	3.8	23	4
1967-03-07	0	4.2	21	8
1967-03-08	0	4.2	23	7
1967-03-09	0	4.4	22	8
1967-03-10	0	3.9	23	9
1967-03-11	0	4.1	23	8
1967-03-12	0	2.9	20	8
1967-03-13	0	2.9	23	7
1967-03-14	0	2.2	20	9
1967-03-15	0	2.1	21	7
1967-03-16	0	1	20	8
1967-03-17	0	2.8	20	10
1967-03-18	0	2.6	20	10
1967-03-19	0	4.8	20	7
1967-03-20	0	4.3	20	8
1967-03-21	0	5.1	20	7
1967-03-22	0	4.7	21	8
1967-03-23	0	5.9	23	10
1967-03-24	0	4.6	21	9
1967-03-25	0	6.2	23	10
1967-03-26	0	4.6	21	7
1967-03-27	0	5.3	24	7
1967-03-28	0	4.1	23	5
1967-03-29	0	4.9	22	7
1967-03-30	0	4.9	24	8
1967-03-31	0	5.5	24	9
1967-04-01	0	7.8	20	10
1967-04-02	0	5.7	21	11
1967-04-03	0	6.2	24	10
1967-04-04	0	4.5	26	9
1967-04-05	0	3.3	28	10
1967-04-06	0	3.4	29	7
1967-04-07	0	3.3	28	9
1967-04-08	0	4.6	24	7
1967-04-09	0	4.2	25	10
1967-04-10	0	4.4	27	10
1967-04-11	0	5.5	23	9
1967-04-12	0	5.2	24	12
1967-04-13	0	4.3	22	9
1967-04-14	0	5.2	21	10
1967-04-15	0	4.2	24	6
1967-04-16	0	4.8	20	7
1967-04-17	0	5.2	20	9
1967-04-18	0	5.5	21	9
1967-04-19	0	4.2	21	10
1967-04-20	0	3.5	24	7
1967-04-21	0	3.4	24	9
1967-04-22	0	4.3	23	8
1967-04-23	0	4.5	21	6
1967-04-24	0	4.9	20	7
1967-04-25	0	6.3	22	9
1967-04-26	0	5.7	23	8
1967-04-27	0	5.2	20	7
1967-04-28	0	5	22	5
1967-04-29	0	4.1	22	10
1967-04-30	0	5.5	24	9
1967-05-01	0	2.2	24	8
1967-05-02	0	4.4	27	6
1967-05-03	0	5.6	23	4
1967-05-04	0	4.5	24	6
1967-05-05	0	7.3	30	10
1967-05-06	0	5.3	30	9
1967-05-07	0	5.6	33	9
1967-05-08	0	5.2	30	12
1967-05-09	0	6.4	30	13
1967-05-10	0	4.4	32	11
1967-05-11	0	4.2	31	17
1967-05-12	0	4.5	26	13
1967-05-13	0	6.7	23	10
1967-05-14	0	5.5	25	8
1967-05-15	0	3.3	27	10
1967-05-16	0	3.4	27	12
1967-05-17	0	3	28	10
1967-05-18	0	7.2	26	12
1967-05-19	0	3.1	24	10
1967-05-20	0	4.3	25	9
1967-05-21	0	8.2	24	11
1967-05-22	0	7.5	24	15
1967-05-23	0	6.1	24	13
1967-05-24	0	7.8	23	15
1967-05-25	0	5.2	24	12
1967-05-26	0	6.1	24	10
1967-05-27	0	7.1	27	13
1967-05-28	0	6.1	21	12
1967-05-29	0	4.8	21	13
1967-05-30	0	4.7	20	14
1967-05-31	0	4	22	11
1967-06-01	0	6.3	26	11
1967-06-02	0	4.5	30	10
1967-06-03	0	5.4	32	16
1967-06-04	0	5.9	27	15
1967-06-05	0	5.7	27	16
1967-06-06	0	5.3	24	16
1967-06-07	0	8.3	24	10
1967-06-08	0	7.5	27	12
1967-06-09	0	7.4	30	10
1967-06-10	0	5.2	28	10
1967-06-11	0	6.8	26	14
1967-06-12	0	4.5	22	10
1967-06-13	0	6.3	25	9
1967-06-14	0	4.1	24	11
1967-06-15	0	5.8	26	13
1967-06-16	0	4.3	27	13
1967-06-17	0	4.6	30	13
1967-06-18	0	5.6	24	13
1967-06-19	0	6.3	22	10
1967-06-20	0	4.8	22	13
1967-06-21	0	6.3	23	15
1967-06-22	0	5.4	23	14
1967-06-23	0	5.2	23	10
1967-06-24	0	5.6	24	12
1967-06-25	0	5.7	30	18
1967-06-26	0	4.7	30	19
1967-06-27	0	3.3	30	19
1967-06-28	0	5.6	26	17
1967-06-29	0	5.8	24	15
1967-06-30	0	5.5	25	14
1967-07-01	0	8.6	27	11
1967-07-02	0	7.1	28	10
1967-07-03	0	7.3	26	15
1967-07-04	0	5.2	28	16
1967-07-05	0	5.2	28	16
1967-07-06	0	9.3	27	17
1967-07-07	0	5.3	28	15.5
1967-07-08	0	5.1	30	17.5
1967-07-09	0	5.8	28	17
1967-07-10	0	5.3	30.5	18
1967-07-11	0	3.8	27	18
1967-07-12	0	4.2	29	17
1967-07-13	0	6.1	32.5	17
1967-07-14	0	7.3	28	16.5
1967-07-15	0	7.6	29	17
1967-07-16	0	4.1	28	16
1967-07-17	0	5.2	27	17
1967-07-18	0	6.6	29	18
1967-07-19	0	7	30	17
1967-07-20	0.2	3.3	31	19
1967-07-21	0	4.3	30	18
1967-07-22	0	5.9	29	16
1967-07-23	0	7.6	30	19
1967-07-24	0	6.1	28	15
1967-07-25	0	6.6	31	18
1967-07-26	0	5.9	33	20.5
1967-07-27	0	7.5	31	21.5
1967-07-28	0	8.3	30	20
1967-07-29	0	6.5	30	21
1967-07-30	0	6.6	32	19
1967-07-31	0	4.8	33	20
1967-08-01	0	6.3	26	20
1967-08-02	0	4.1	25	19
1967-08-03	0	5.6	28	20
1967-08-04	0	6.2	26	19
1967-08-05	0	5.2	26	19
1967-08-06	0	6.3	26	18
1967-08-07	0	5.1	25.5	18
1967-08-08	0	7.2	30	18
1967-08-09	0	6.3	28	15
1967-08-10	0	6.2	30	18
1967-08-11	0	4.7	28	18
1967-08-12	0	7.3	29	19
1967-08-13	0	6.8	31	20
1967-08-14	0	8.6	30.5	22
1967-08-15	5.5	5.6	29	22
1967-08-16	0	5.8	27	22
1967-08-17	0	3.4	31	23
1967-08-18	0	5.5	31.5	22.5
1967-08-19	0	7.5	31	23
1967-08-20	0	7.4	32	22.5
1967-08-21	0	4.1	30	21
1967-08-22	0	5.6	29	20
1967-08-23	0	4.9	29	21
1967-08-24	0	6.6	30	22
1967-08-25	0	7.9	29	22
1967-08-26	0	7.3	28	21
1967-08-27	0	7.4	29	22
1967-08-28	0	7.9	32	21
1967-08-29	40	5.6	34.5	24.5
1967-08-30	28	5.4	31	23
1967-08-31	8	5.2	32	24
1967-09-01	0	7.5	28	21
1967-09-02	0	5.1	29	22.5
1967-09-03	0	4.2	29	22
1967-09-04	0	5.7	28.5	22
1967-09-05	0	5.7	29	21
1967-09-06	0	3.3	31	21
1967-09-07	0	3.2	31	22
1967-09-08	0	2.3	30	21
1967-09-09	0	4.2	29	21.5
1967-09-10	0	3.5	29	21
1967-09-11	0	2.3	31	21
1967-09-12	0	4.2	30	21
1967-09-13	0	4.3	29	22
1967-09-14	0	3.1	29.5	21
1967-09-15	0	2.3	30	20.5
1967-09-16	0	6.4	29	21
1967-09-17	0	5.3	30	19
1967-09-18	0	6.1	28	20
1967-09-19	0	6.9	28	18
1967-09-20	0	4.7	28	18.5
1967-09-21	0	5.8	29	19
1967-09-22	0	5.8	29.5	18
1967-09-23	0	5.4	27	18
1967-09-24	0	6	28	18
1967-09-25	0	4.7	28	20
1967-09-26	0	7.5	27	18
1967-09-27	0	6.1	28	19
1967-09-28	0	6.4	27	18.5
1967-09-29	0	6.2	28	19
1967-09-30	0	6.2	28.5	20
1967-10-01	0	5.3	28.5	14
1967-10-02	0	7.4	28	18
1967-10-03	0	6.9	29	15
1967-10-04	0	5.2	29	20
1967-10-05	0	6.9	27.5	15
1967-10-06	0	4.4	30	18.5
1967-10-07	0	6.1	31	17
1967-10-08	0	5.3	32	18
1967-10-09	0	5.9	29.5	16.5
1967-10-10	0	4.4	27	12
1967-10-11	0	4.4	29	16.5
1967-10-12	15.5	3.6	28	20
1967-10-13	0	4.3	27	18.5
1967-10-14	0	2.9	30	20
1967-10-15	0	2.8	30	21
1967-10-16	0	2.9	32	21
1967-10-17	0	4.3	33	15
1967-10-18	0	4.6	30	20
1967-10-19	0	5	33	15
1967-10-20	0	5.8	31	13
1967-10-21	0	3.7	29	15
1967-10-22	0	4.5	29	13
1967-10-23	0	6.3	28	15
1967-10-24	0	4.2	30	14
1967-10-25	0	5.6	29.5	16
1967-10-26	0	5.1	28.5	14
1967-10-27	0	5	27	17
1967-10-28	0	4.9	28	15
1967-10-29	0	5.7	26	15
1967-10-30	0	5.9	30	17
1967-10-31	0	3.7	31	15
1967-12-01	0	3.8	25	12.5
1967-12-02	0	5.2	28	15
1967-12-03	5	3.1	23	16
1967-12-04	0	2.3	27	13
1967-12-05	0	2.6	26	13
1967-12-06	0	4.9	27	11
1967-12-07	0	4.4	26	9
1967-12-08	0	4.1	24	9.5
1967-12-09	0	5.1	25	13
1967-12-10	0	4.6	25	14
1967-12-11	0	3.1	24	5
1967-12-12	0	4.8	24	9
1967-12-13	0	2.7	24	10
1967-12-14	7	3.5	25	12
1967-12-15	0.1	3.8	25	14
1967-12-16	0	2.6	23	12
1967-12-17	0	3.7	20	10.5
1967-12-18	0	2.6	22	7.5
1967-12-19	0	3.8	23	10
1967-12-20	0	4.8	23	13
1967-12-21	0	4.1	23.5	12
1967-12-22	0	4	24.5	15.5
1967-12-23	0	2.1	24	13.5
1967-12-24	0	3.8	24	14
1967-12-25	0	2.3	25	14
1967-12-26	0	4.8	25	12.5
1967-12-27	0	2.9	24.5	10
1967-12-28	0	2.8	25	10
1967-12-29	0	1.8	22.5	10.5
1967-12-30	0	2.5	23.5	13
1967-12-31	0	3.6	24.5	14
1968-01-01	6.5	3.3	28.5	10
1968-01-02	0	3.2	27	13
1968-01-03	0	4	24	14
1968-01-04	0	3.8	21	10
1968-01-05	0	4.7	22	10
1968-01-06	0	3.9	24	10
1968-01-07	0	3.5	24	10
1968-01-08	0	4.7	24	10
1968-01-09	0	4.2	23.5	12
1968-01-10	0	2.3	21	10.5
1968-01-11	0	3.2	23	12
1968-01-12	0	3.2	22	9
1968-01-13	0	3.2	25	8
1968-01-14	0	3.5	26	10
1968-01-15	0	4.2	23	8
1968-01-16	0	2.4	23	10
1968-01-17	0	2.8	23	11
1968-01-18	0	3.2	25	12
1968-01-19	0	2.5	23	5
1968-01-20	0	3.9	22.5	6
1968-01-21	0	3.9	23	6
1968-01-22	0	3.9	23	6
1968-01-23	0	3.5	25	6
1968-01-24	0	4.6	24	7
1968-01-25	0	4.3	24.5	7
1968-01-26	3.5	3.2	21	10
1968-01-27	2.5	3.7	23	10
1968-01-28	0	2.9	24	13
1968-01-29	0	2.8	24	10
1968-01-30	0	2.8	25	11.5
1968-01-31	0	2.2	25	10
1968-02-01	0	7.2	27.5	7
1968-02-02	0	4.4	24.5	8
1968-02-03	0	3.5	24	7
1968-02-04	0	6.5	25	7
1968-02-05	0	4.3	28.5	10
1968-02-06	0	3.1	25	11
1968-02-07	0	6.3	27	14
1968-02-08	0	4.7	27.5	7
1968-02-09	40	3.6	28	15
1968-02-10	0	3.6	25.5	11
1968-02-11	0	5.9	26	10
1968-02-12	0	4.4	21	12
1968-02-13	19	2.7	23	12
1968-02-14	0	4.1	22	13.5
1968-02-15	0	2.8	22	13
1968-02-16	0	4.9	22	9
1968-02-17	0	3.8	21.5	9
1968-02-18	0	2.1	22	10
1968-02-19	0	3.4	21	8
1968-02-20	0	5.4	20	9
1968-02-21	0	3.4	24	10
1968-02-22	0	4.3	20	6
1968-02-23	0	3.3	23	8
1968-02-24	0	4.8	23	10
1968-02-25	0	4	24	10.5
1968-02-26	0	4.5	25	10
1968-02-27	0	4.5	20	9
1968-02-28	0	4.1	20	11
1968-02-29	0	4.6	25	8
1968-03-01	0	4.3	22.5	10.5
1968-03-02	5.5	4	22	12
1968-03-03	0	4.8	23	15
1968-03-04	0	5.9	20	10
1968-03-05	0	5.2	22	10
1968-03-06	0	3.6	23	13
1968-03-07	0	4.6	24	11.5
1968-03-08	0	4.3	23	12
1968-03-09	0	4.4	25	12.5
1968-03-10	0	4.5	26.5	9.5
1968-03-11	0	4.3	19	5
1968-03-12	0	3.4	20	6
1968-03-13	0	3.2	20	4
1968-03-14	0	2.7	19	4
1968-03-15	0	3.2	20	4
1968-03-16	0	3.6	20	4
1968-03-17	0	4.4	20.5	13
1968-03-18	0	4.7	25	9
1968-03-19	0	3.6	19	7
1968-03-20	0	4.7	21	4
1968-03-21	0	3.1	26	10.5
1968-03-22	0	3.2	25	3
1968-03-23	0	3.2	24	7
1968-03-24	0	3.6	25	6
1968-03-25	0	3.5	20	5
1968-03-26	0	4	21	7
1968-03-27	0	3.8	20.5	8.5
1968-03-28	0	4.5	23	10.5
1968-03-29	0	4.6	21	10
1968-03-30	0	5.7	24	10
1968-03-31	0	4.2	22.5	10.5
1968-04-01	0	4.9	23	9
1968-04-02	0	4.6	22	10
1968-04-03	0	4.6	22	10
1968-04-04	0	5.5	20	10
1968-04-05	0	5.3	23	10.5
1968-04-06	0	6.1	21	7
1968-04-07	0	4	23	12.5
1968-04-08	0	3.5	22	11
1968-04-09	0	5.7	20.5	11
1968-04-10	0	5.8	21	12
1968-04-11	0	5.3	22	13
1968-04-12	0	4.7	21.5	7
1968-04-13	0	3.8	25	5
1968-04-14	0	5.2	22	10
1968-04-15	0	4.3	22	10
1968-04-16	0	4.7	23	10
1968-04-17	0	4.5	21	10
1968-04-18	0	3	21	12
1968-04-19	0	6.3	21.5	12
1968-04-20	0	3.4	19	11
1968-04-21	0	5.5	19.5	10
1968-04-22	0	3.2	20	8
1968-04-23	0	3.4	29	9
1968-04-24	0	4.5	24	7
1968-04-25	0	3.9	23	6
1968-04-26	0	4.2	24	10
1968-04-27	0	4.3	22	9
1968-04-28	0	4.2	24	10
1968-04-29	0	4.1	25	9
1968-04-30	0	4.5	23	10
1968-05-01	0	6.1	25	12
1968-05-02	0	5.9	28	10
1968-05-03	0	4.3	24	14
1968-05-04	0	7.9	26	14
1968-05-05	0	6.9	27.5	10
1968-05-06	0	5.8	29	11
1968-05-07	0	6.2	30	10
1968-05-08	0	5.8	27.5	5
1968-05-09	0	5.8	25	9
1968-05-10	0	6.2	30	12
1968-05-11	0	6.9	28	10
1968-05-12	0	6.2	30	10
1968-05-13	0	6	30	6
1968-05-14	0	5.1	31	4
1968-05-15	0	3.5	32	5
1968-05-16	0	3.7	30	7
1968-05-17	0	6.4	31.5	10
1968-05-18	0	4.7	28	6
1968-05-19	0	4.4	26	8
1968-05-20	0	6.4	27	10
1968-05-21	0	5.7	25	11
1968-05-22	0	4.1	26	10
1968-05-23	0	6.7	30	11
1968-05-24	0	7.5	31.5	10
1968-05-25	0	5.3	29	6
1968-05-26	0	6.1	30	10
1968-05-27	0	4.7	32	12
1968-05-28	0	6.4	31	14
1968-05-29	0	4	30	15
1968-05-30	0	6.3	28	14.5
1968-05-31	0	4.7	28	10
1968-06-01	0	5.5	20	9
1968-06-02	0	4.4	19	10.5
1968-06-03	0	5.1	20	9
1968-06-04	0	5.3	20	12
1968-06-05	0	4.8	23	9
1968-06-06	0	5.2	22	11
1968-06-07	0	6.9	22.5	16
1968-06-08	0	6.8	21.5	15.5
1968-06-09	0	6.1	20.5	13
1968-06-10	0	6.5	20	14
1968-06-11	0	6.3	20	9.5
1968-06-12	0	5.3	19	10
1968-06-13	0	5	20	10
1968-06-14	0	3	22.5	10
1968-06-15	0	4.2	21	13
1968-06-16	0	4.6	23	15
1968-06-17	0	6	22	13.5
1968-06-18	0	5.1	20	15.5
1968-06-19	0	4.8	18	13
1968-06-20	0	5	24	12
1968-06-21	0	5.7	24.5	13
1968-06-22	0	4.2	24	10.5
1968-06-23	0	7.4	21	15
1968-06-24	0	7.6	21	14
1968-06-25	0	6.3	26.5	13
1968-06-26	0	6.2	25	15
1968-06-27	0	5.7	25	16
1968-06-28	0	4.8	26	19
1968-06-29	0	5.8	22	17
1968-06-30	0	6.1	22	16.5
1968-07-01	0	5.7	27	15
1968-07-02	0	6.2	26	16
1968-07-03	0	5.9	25	12
1968-07-04	0	7.5	24	16
1968-07-05	0	6.2	30	16
1968-07-06	0	5.4	31	17
1968-07-07	0	6.8	31	14.5
1968-07-08	0	5.9	29	16
1968-07-09	0	7.9	27	21
1968-07-10	0	6.2	28	20
1968-07-11	0	5.4	28	17
1968-07-12	0	7.2	30	18
1968-07-13	0	6	25	18
1968-07-14	0	6.1	27	12
1968-07-15	0	6.7	29	14
1968-07-16	0	7.1	30	20
1968-07-17	0	6.9	29	20
1968-07-18	0	4.9	28	15
1968-07-19	0	4.5	28	18
1968-07-20	0	7.1	29	14
1968-07-21	0	4.2	29	19
1968-07-22	0	6.2	28	19
1968-07-23	0	6.9	29	14
1968-07-24	0	7.2	30	20
1968-07-25	0	4.3	29	20
1968-07-26	0	5.7	26	19
1968-07-27	0	6.6	28	15
1968-07-28	0	5.5	28	15
1968-07-29	0	4.2	30	17
1968-07-30	0	6.4	27	20
1968-07-31	0	5.4	26	18
1968-08-01	0	2.5	26	19
1968-08-02	0	5.2	27	15
1968-08-03	0	5.2	26	15
1968-08-04	0	3.1	25	17
1968-08-05	0	4.6	25	15.5
1968-08-06	0	6.5	33	16
1968-08-07	0	5.9	31	20
1968-08-08	0	5.3	31	19
1968-08-09	0	4.1	29	22
1968-08-10	0	5.8	28	18.5
1968-08-11	0	3.7	28	15
1968-08-12	0	2.4	28	17
1968-08-13	0	3.8	25	16
1968-08-14	0	4.9	26	14
1968-08-15	0	4.8	25	16
1968-08-16	0	3.7	25	14
1968-08-17	0	5.2	25	15
1968-08-18	0	4.7	26	13
1968-08-19	0	4.4	25	15
1968-08-20	0	4.9	26.5	16
1968-08-21	0	4.5	25	15
1968-08-22	0	4.8	26	16
1968-08-23	0	5.8	32	15
1968-08-24	0	5.9	31	14
1968-08-25	0	5	30	20
1968-08-26	0	4.6	31	17
1968-08-27	0	6.2	30	19
1968-08-28	0	3.9	30	20
1968-08-29	0	5.4	31	22
1968-08-30	0	4.3	29	15
1968-08-31	0	5.2	30	14
1968-09-01	0	7.6	35	16
1968-09-02	0	8.4	37	15
1968-09-03	0	5.8	38	17
1968-09-04	0	8.6	38	19
1968-09-05	0	9.2	35	18
1968-09-06	0	8.1	39	15
1968-09-07	0	8.5	34	17
1968-09-08	0	6.8	35	15
1968-09-09	0	6.9	32	20
1968-09-10	0	6.2	34	21
1968-09-11	0	6.1	32	20
1968-09-12	0	5.6	31	22
1968-09-13	0	6.9	36	21
1968-09-14	0	5.9	39	20
1968-09-15	0	6.4	37	18
1968-09-16	0	4.6	35	16
1968-09-17	0	5.7	36	18
1968-09-18	0	8.5	35	16
1968-09-19	0	5.5	34	15
1968-09-20	0	6.4	37	19
1968-09-21	0	6.6	32	18
1968-09-22	0	6.7	33	16
1968-09-23	0	5.6	34	18
1968-09-24	0	7.7	31	17
1968-09-25	0	7.2	30	17
1968-09-26	0	5.7	30	16
1968-09-27	0	5.6	32	17
1968-09-28	0	7.2	34	16.5
1968-09-29	0	5.3	32	14
1968-09-30	0	6.5	30	15
1968-10-01	32.2	NULO	30	19
1968-10-02	0	5.6	28	20.5
1968-10-03	0	6.1	31	18
1968-10-04	0	5.7	30	15
1968-10-05	0	5.5	28	14
1968-10-06	0	5.8	26	16
1968-10-07	0	7	27	18
1968-10-08	0	7.2	26	15
1968-10-09	0	5.9	30	13
1968-10-10	0	4.9	31	15
1968-10-11	0	5.9	29	14
1968-10-12	0	3.3	27	17
1968-10-13	0	5.2	28	20
1968-10-14	0	5.2	27	20
1968-10-15	0	5.1	28	19
1968-10-16	0	4.5	29	17
1968-10-17	0	6.2	33	16
1968-10-18	0	5.2	30	18
1968-10-19	0	4	32	20
1968-10-20	0	5.2	29	16.5
1968-10-21	0	4.6	30	12
1968-10-22	0	5.5	28	14
1968-10-23	0	5.8	29	11
1968-10-24	0	5.3	31	12
1968-10-25	0	5.2	29	14.5
1968-10-26	0	4.8	30	12
1968-10-27	0	4.9	32	15.5
1968-10-28	0	5.5	33	13
1968-10-29	0	5.1	31	13
1968-10-30	0	4.6	31	15
1968-10-31	0	6.3	30	11
1968-11-01	0	5.2	30	11
1968-11-02	0	5.8	26	8
1968-11-03	0	6.1	25.5	5
1968-11-04	0	4.9	28	10
1968-11-05	0	4.2	26	12
1968-11-06	0	3.8	27	10
1968-11-07	0	3.5	24	11
1968-11-08	0	4.4	27	13.5
1968-11-09	0	4.7	25	12.5
1968-11-10	0	6.1	29	8
1968-11-11	0	5.3	26	10
1968-11-12	0	4.9	25	10
1968-11-13	0	4.6	27	12
1968-11-14	0	3.8	29.5	11
1968-11-15	0	4.3	26	9
1968-11-16	0	4.3	25	12
1968-11-17	0	4.8	29	10
1968-11-18	0	3.6	26	11
1968-11-19	0	4.1	27	7
1968-11-20	0	4.3	26.5	9
1968-11-21	0	3.9	25	12.5
1968-11-22	0	4.1	28	14
1968-11-23	0	3.7	30	10.5
1968-11-24	0	3.8	27	11.5
1968-11-25	0	4.1	28.5	14
1968-11-26	0	4.7	26.5	10.5
1968-11-27	0	5	27.5	8.5
1968-11-28	0	6.2	28	10
1968-11-29	0	5.8	24	7
1968-11-30	0	4.8	25	4
1968-12-01	0	6.2	25	4
1968-12-02	0	5.5	27	7
1968-12-03	0	5.8	26	18
1968-12-04	0	3.2	28	5
1968-12-05	0	1.7	26	10
1968-12-06	0	3.2	27	13
1968-12-07	0	4.4	29	13
1968-12-08	0	5.5	31	12
1968-12-09	0	3.6	28	13
1968-12-10	0	4.2	26	15.5
1968-12-11	0	5	29	8
1968-12-12	0	5.7	25	10
1968-12-13	0	5.6	28	10
1968-12-14	0	3.7	28	5
1968-12-15	0	4.4	25	8
1968-12-16	0	4.4	28	5
1968-12-17	0	5.4	23.5	5
1968-12-18	0	6.3	25.5	12
1968-12-19	0	3.3	24	15
1968-12-20	0	5.1	26	13.5
1968-12-21	0	5.5	23	10
1968-12-22	0	5.1	26	15
1968-12-23	0	3.8	25	15.5
1968-12-24	0	6.1	29	12
1968-12-25	0	3.1	24	15.5
1968-12-26	0	2.9	23	16.5
1968-12-27	0	5.4	23	10
1968-12-28	0	4.9	24	11
1968-12-29	0	3.1	25	5
1968-12-30	0	6.6	27	12
1968-12-31	0	5.7	28	10
1969-02-01	0	6.3	24	15.5
1969-02-02	0	4.2	26.5	10.5
1969-02-03	0	4.5	22	9.5
1969-02-04	0	4.7	24	8
1969-02-05	0	5.1	24.5	8
1969-02-06	0	5.4	28	10.5
1969-02-07	0	3.4	24	9
1969-02-08	0	4.3	27	11.5
1969-02-09	0	3.2	25	11
1969-02-10	0	2.5	22.5	10
1969-02-11	0	3.3	22	15
1969-02-12	0	4.1	24	14
1969-02-13	0	3.6	23.5	14.5
1969-02-14	0	4.5	26.5	11.5
1969-02-15	0	2.7	24	10
1969-02-16	0	2.7	22.5	9.5
1969-02-17	0	4.6	24.5	8.5
1969-02-18	0	4.3	23	9
1969-02-19	0	3.3	26.5	8
1969-02-20	0	3.3	25.5	11
1969-02-21	0	4.3	27.5	12.5
1969-02-22	0	6.2	26.5	13.5
1969-02-23	0	2.6	23.5	11.5
1969-02-24	0	5.5	22	12.5
1969-02-25	0	4.7	23	14
1969-02-26	0	5.3	22	11
1969-02-27	0	6	26.5	13
1969-02-28	0	4.9	24.5	15
1969-03-01	0	NULO	22	12
1969-03-02	0	NULO	24	10.5
1969-03-03	0	NULO	21.5	13
1969-03-04	0	NULO	20	11
1969-03-05	0	NULO	23	9
1969-03-06	0	NULO	24	7
1969-03-07	0	NULO	NULO	NULO
1969-03-08	0	NULO	21	9
1969-03-09	0	NULO	19	8
1969-03-10	0	NULO	24	6
1969-03-11	0	NULO	20	10
1969-03-12	0	NULO	18	8
1969-03-13	0	NULO	21	6
1969-03-14	0	NULO	23	11
1969-03-15	0	NULO	19	9
1969-03-16	0	NULO	20	7
1969-03-17	0	NULO	22	12
1969-03-18	0	NULO	21	8
1969-03-19	0	NULO	18	11
1969-03-20	0	NULO	24	9
1969-03-21	0	NULO	22	12
1969-03-22	0	NULO	19	11
1969-03-23	0	NULO	22	9
1969-03-24	0	NULO	20	12
1969-03-25	0	NULO	18	11
1969-03-26	0	NULO	21	8
1969-03-27	0	NULO	19	10
1969-03-28	0	NULO	23	9
1969-03-29	0	NULO	20	12
1969-03-30	0	NULO	18	10
1969-03-31	0	NULO	21	7
1969-04-01	0	NULO	22	8
1969-04-02	0	NULO	20	7
1969-04-03	0	NULO	23	10
1969-04-04	0	NULO	21	7.5
1969-04-05	0	NULO	22	11
1969-04-06	0	NULO	25	9
1969-04-07	0	NULO	23	13
1969-04-08	0	NULO	21	11
1969-04-09	0	NULO	24	9
1969-04-10	0	NULO	22	13
1969-04-11	0	NULO	20.5	10
1969-04-12	0	NULO	23	7
1969-04-13	0	NULO	NULO	NULO
1969-04-14	0	NULO	19.5	9
1969-04-15	0	NULO	21.5	8
1969-04-16	0	NULO	23	6
1969-04-17	0	NULO	21	10
1969-04-18	0	NULO	24	11
1969-04-19	0	NULO	22	13
1969-04-20	0	NULO	20	9
1969-04-21	0	NULO	23	7
1969-04-22	0	NULO	24	10
1969-04-23	0	NULO	22	7
1969-04-24	0	NULO	23	10
1969-04-25	0	NULO	19	10
1969-04-26	0	NULO	19.5	8
1969-04-27	0	NULO	24	6
1969-04-28	0	NULO	22	9
1969-04-29	0	NULO	22	10
1969-04-30	0	NULO	23	9
1969-05-01	0	NULO	27	14
1969-05-02	0	NULO	25	11
1969-05-03	0	NULO	27	13
1969-05-04	0	NULO	30	11
1969-05-05	0	NULO	28	13.5
1969-05-06	0	NULO	26	15
1969-05-07	0	NULO	30	12
1969-05-08	0	NULO	29.5	10
1969-05-09	0	NULO	27.5	13
1969-05-10	0	NULO	25	9.5
1969-05-11	0	NULO	26.5	7
1969-05-12	0	NULO	29	8
1969-05-13	0	NULO	32	9.5
1969-05-14	0	NULO	28.5	11.5
1969-05-15	0	NULO	30	13
1969-05-16	0	NULO	29	14
1969-05-17	0	NULO	30.5	12
1969-05-18	0	NULO	33	10
1969-05-19	0	NULO	31.5	12.5
1969-05-20	0	NULO	29	14
1969-05-21	0	NULO	31	12
1969-05-22	0	NULO	30	9
1969-05-23	0	NULO	28.5	11
1969-05-24	0	NULO	27	14
1969-05-25	0	NULO	30	13.5
1969-05-26	0	NULO	27.5	11.5
1969-05-27	0	NULO	29	15
1969-05-28	0	NULO	33	12
1969-05-29	0	NULO	31.5	10.5
1969-05-30	0	NULO	32	15.5
1969-05-31	0	NULO	30	14
1969-07-01	0	NULO	28	10
1969-07-02	0	NULO	27	13
1969-07-03	0	NULO	30	11
1969-07-04	0	NULO	28	15
1969-07-05	0	NULO	31	12
1969-07-06	0	NULO	29	16
1969-07-07	0	NULO	30	14
1969-07-08	0	NULO	27.5	12
1969-07-09	0	NULO	32.5	17
1969-07-10	0	NULO	33	16.5
1969-07-11	0	NULO	30	19
1969-07-12	0	NULO	32	17
1969-07-13	0	NULO	31	20
1969-07-14	0	NULO	33	18
1969-07-15	0	NULO	31	16
1969-07-16	0	NULO	28	19
1969-07-17	0	NULO	30	16
1969-07-18	0	NULO	29	18
1969-07-19	0	NULO	31	15
1969-07-20	0	NULO	32	17
1969-07-21	0	NULO	29	14
1969-07-22	0	NULO	31	16
1969-07-23	0	NULO	29.5	17
1969-07-24	0	NULO	30	14
1969-07-25	0	NULO	28	18
1969-07-26	0	NULO	29	15
1969-07-27	0	NULO	30	16
1969-07-28	0	NULO	30.5	16
1969-07-29	0	NULO	28.5	14
1969-07-30	0	NULO	31	13
1969-07-31	0	NULO	33	17
1969-08-01	0	NULO	34	19
1969-08-02	0	NULO	32	23
1969-08-03	0	NULO	35	21
1969-08-04	0	NULO	34	21
1969-08-05	0	NULO	35	19
1969-08-06	0	NULO	32	22
1969-08-07	0	NULO	34	20
1969-08-08	0	NULO	36	22
1969-08-09	0	NULO	38	21.5
1969-08-10	0	NULO	35	20
1969-08-11	0	NULO	34	23
1969-08-12	0	NULO	37	21
1969-08-13	0	NULO	35.5	24
1969-08-14	0	NULO	34	20
1969-08-15	0	NULO	33	23
1969-08-16	0	NULO	35	21.5
1969-08-17	0	NULO	33.5	23
1969-08-18	0	NULO	31.5	22
1969-08-19	0	NULO	38	19
1969-08-20	0	NULO	38.5	24
1969-08-21	0	NULO	36	25.5
1969-08-22	0	NULO	34	23.5
1969-08-23	0	NULO	31.5	22
1969-08-24	0	NULO	33.5	19.5
1969-08-25	0	NULO	34	21
1969-08-26	0	NULO	33	23
1969-08-27	0	NULO	36.5	22.5
1969-08-28	0	NULO	37	25
1969-08-29	0	NULO	34.5	26.5
1969-08-30	0	NULO	32	24
1969-08-31	0	NULO	36	23
