COMISIÓN NACIONAL DEL AGUA
COORDINACIÓN GENERAL DEL SERVICIO METEOROLÓGICO NACIONAL
BASE DE DATOS CLIMATOLÓGICA NACIONAL 

REGISTRO DIARIO HISTÓRICO
EMISIÓN   : 01/05/2026 

DATOS DISPONIBLES EN LA BASE DE DATOS A: MAY DE 2026; 
CON LA INFORMACIÓN SUMINISTRADA POR LAS UNIDADES ADMINISTRATIVAS 

 ESTACIÓN  : 2073 
 NOMBRE    : TIJUANA (CFE) 
 ESTADO    : BAJA CALIFORNIA 
 MUNICIPIO : TIJUANA 
 SITUACIÓN : SUSPENDIDA 
 CVE-OMM   :   
 LATITUD   : 32.52416667 ° 
 LONGITUD  : -117.0741667 ° 
 ALTITUD   : 25 msnm 




FECHA		PRECIP	EVAP	TMAX	TMIN
		(mm)	(mm)	(°C )	(°C)
1969-01-01	0	6.87	18	13.5
1969-01-02	8	6.22	18	10.5
1969-01-03	0	3.04	22	9
1969-01-04	0	4.5	27.5	14.5
1969-01-05	0	8.75	25	13
1969-01-06	0	1.89	19.5	11
1969-01-07	0	1.56	14.5	7
1969-01-08	0	1.79	15.5	10.5
1969-01-09	0	1.87	14.5	12.5
1969-01-10	0	1.37	16.5	12.5
1969-01-11	0	1.69	15.5	8
1969-01-12	0	0.91	15	7.5
1969-01-13	20	0.6	16	10
1969-01-14	14	0.44	16	13.5
1969-01-15	0	1.12	15	13.5
1969-01-16	0	1.62	15	11
1969-01-17	0	2.05	15	9.5
1969-01-18	0	1.29	16	9.5
1969-01-19	5	1.01	17	10
1969-01-20	16	0.41	17	10.5
1969-01-21	2.5	2.09	18	13
1969-01-22	1	1.14	16.5	11
1969-01-23	1.5	0.78	16.5	11.5
1969-01-24	7.5	1.38	16.5	11.5
1969-01-25	20.5	0.87	17	13.5
1969-01-26	12	2.97	16	15.5
1969-01-27	1	3.08	14.5	10.5
1969-01-28	4	2.75	14	9.5
1969-01-29	0	2.9	11.5	5.5
1969-01-30	0	2.54	12	3.5
1969-01-31	0	2.79	14	5
1969-02-01	0	1.7	14.5	6
1969-02-02	0	4.3	19.5	8
1969-02-03	0	5.6	23	9
1969-02-04	0.5	1.1	16	7
1969-02-05	0.5	1.5	15	11
1969-02-06	14.5	2.1	NULO	NULO
1969-02-07	0	2.7	14	7.5
1969-02-08	0	2	15.5	6.5
1969-02-09	0	1.3	NULO	NULO
1969-02-10	0	1.7	15	6.5
1969-02-11	0	2.2	15	10.5
1969-02-12	0	1.1	15	9.5
1969-02-13	0	2.3	16	10.5
1969-02-14	0	2.3	16	9
1969-02-15	0	1.4	15	11.5
1969-02-16	0	1.1	16	11
1969-02-17	3.5	2	16.5	8.5
1969-02-18	21.5	3.5	14	8.5
1969-02-19	9	2.3	14	8.5
1969-02-20	1.5	2	13.5	9.5
1969-02-21	14	3.5	13.5	8.5
1969-02-22	1	1.8	14.5	8
1969-02-23	2	1.3	NULO	NULO
1969-02-24	0.5	1.9	15	12
1969-02-25	20	2.3	15	13
1969-02-26	0	3.6	14.5	11
1969-02-27	0	2.5	14.5	5
1969-02-28	3.5	2.2	15.5	8.5
1969-03-01	0	3.77	14.5	8.5
1969-03-02	0	2.23	15	8
1969-03-03	0	4.75	14.5	7.5
1969-03-04	0	3.16	14.5	10.5
1969-03-05	0	2.63	15	7
1969-03-06	0	4.1	15	8.5
1969-03-07	0	3.39	14.5	8.5
1969-03-08	0	3.41	14.5	7
1969-03-09	0	3.1	15	8
1969-03-10	5	2.74	13.5	6.5
1969-03-11	0	2.64	14.5	5.5
1969-03-12	6.5	2.89	14.5	5.5
1969-03-13	4	2.03	11.5	7.5
1969-03-14	0	2.95	14.5	4
1969-03-15	0	4.02	16	4.5
1969-03-16	0	2.45	15	5
1969-03-17	0	1.37	15	5.5
1969-03-18	0	2.96	16.5	5.5
1969-03-19	0	2.23	14	11
1969-03-20	10.5	1.82	16	11
1969-03-21	0	4.14	15.5	8
1969-03-22	0	3.01	16	6.5
1969-03-23	0	1.66	19.5	7
1969-03-24	0	9.38	24	11
1969-03-25	0	10.79	26.5	14
1969-03-26	0	7.39	24	10
1969-03-27	0	4	20.5	10
1969-03-28	0	2.76	16	7
1969-03-29	0	5.07	17	11.5
1969-03-30	0	1.1	16.5	10
1969-03-31	0	2.72	18	10
1969-04-01	0	2.83	18	11.5
1969-04-02	1	2.93	16	11
1969-04-03	0	4.34	16.5	11.5
1969-04-04	0	3.95	16.5	7
1969-04-05	1.5	3.49	18	8
1969-04-06	2	3.76	19.5	7.5
1969-04-07	0	3.65	16.5	7
1969-04-08	0	3.4	17.5	8.5
1969-04-09	1.5	2.51	16.5	13
1969-04-10	0	2.86	17.5	12.5
1969-04-11	0	3.1	18.5	12
1969-04-12	0	4.94	19	15
1969-04-13	0	1.6	17	14.5
1969-04-14	0	4.33	18.5	10.5
1969-04-15	0	4.03	18.5	11
1969-04-16	0	6.26	19.5	8.5
1969-04-17	0	1.72	19.5	8
1969-04-18	0	3.24	18.5	12
1969-04-19	0	2.1	19.5	9
1969-04-20	0	1.8	18.5	9
1969-04-21	0	2.67	19.5	11.5
1969-04-22	0	2.45	18.5	11.5
1969-04-23	0	4.55	18.5	12.5
1969-04-24	0	5.31	17.5	12.5
1969-04-25	0	4.12	18.5	8
1969-04-26	0	6.1	22	8
1969-04-27	0	7.7	26.5	11
1969-04-28	0	6.26	22	12
1969-04-29	0	4.1	19	12
1969-04-30	0	5.12	18.5	13.5
1969-05-01	0	3.69	18.5	10
1969-05-02	0	4.03	17.5	13.5
1969-05-03	0	3.67	19	13.5
1969-05-04	0	3.67	18.5	13
1969-05-05	6	3.67	19	14
1969-05-06	1	2.08	16.5	10
1969-05-07	0	3.04	19	10.5
1969-05-08	0	4.9	18.5	12
1969-05-09	0	4.04	19.5	8
1969-05-10	0	2.39	18.5	14
1969-05-11	0	2.31	17.5	14
1969-05-12	0	2.21	18.5	14
1969-05-13	0	4.69	19	14.5
1969-05-14	0	5.83	19	15.5
1969-05-15	0	4.35	19	12.5
1969-05-16	0	6.2	19	13
1969-05-17	0	4.35	19	15
1969-05-18	0	2.55	19	14
1969-05-19	0	2.99	19	12
1969-05-20	0	3.93	19	14.5
1969-05-21	0	5.19	20	13
1969-05-22	0	2.4	20	15.5
1969-05-23	0	4	19	15
1969-05-24	0	4.1	19.5	14.5
1969-05-25	0	1.82	19.5	15
1969-05-26	0	5.66	19	13.5
1969-05-27	0	5.32	20	15
1969-05-28	0	3.5	19.5	14.5
1969-05-29	0	2.9	19	14
1969-05-30	0	2.2	18	14
1969-05-31	0	2	18	14
1969-06-01	0	3.3	20	15
1969-06-02	0	3.3	19	15.5
1969-06-03	0	3	19	16
1969-06-04	0	3	19	16.5
1969-06-05	0	2.4	17.5	16
1969-06-06	0	3.8	20.5	15.5
1969-06-07	4	8	21	14.5
1969-06-08	0	1.3	19.5	15
1969-06-09	0	4.9	19	16
1969-06-10	0	3.6	19	16
1969-06-11	0	3.2	19.5	16
1969-06-12	0	4.2	19.5	16
1969-06-13	0	3.7	20	16.5
1969-06-14	0	2.2	19	16
1969-06-15	0	2.3	19.5	16
1969-06-16	2	6.1	20.5	15
1969-06-17	0	1.5	18	15.5
1969-06-18	0	6.6	21	16
1969-06-19	0	6.2	20.5	17
1969-06-20	0	5.4	20	17
1969-06-21	0	3.3	20	16.5
1969-06-22	0	2	18.5	16.5
1969-06-23	0	1.5	18	16
1969-06-24	0	1.8	19	15.5
1969-06-25	0	4.5	21	16
1969-06-26	0	5	21	15.5
1969-06-27	0	3	19.5	14
1969-06-28	0	5.5	21	17
1969-06-29	0	4.2	22	13.5
1969-06-30	0.9	3.5	20.5	13
1969-07-01	0	3	20	16
1969-07-02	0	2	20	15
1969-07-03	0	3.7	21	14
1969-07-04	0	4.3	20.5	15.5
1969-07-05	0	4.2	20	15.5
1969-07-06	0	3.8	20	16
1969-07-07	0	5	20	16
1969-07-08	0	5.4	21	16
1969-07-09	0	6.1	22	15
1969-07-10	0	5.6	21	15.5
1969-07-11	0	3	21	15.5
1969-07-12	0	5.4	22.5	16
1969-07-13	0	5.1	22	17
1969-07-14	0	5.5	21	16
1969-07-15	0	4.9	21	16.5
1969-07-16	0	3.2	20.5	16
1969-07-17	0	4.7	22	15.5
1969-07-18	0	4.5	22	16.5
1969-07-19	0	3.7	22	18
1969-07-20	0	2.5	21	17.5
1969-07-21	0	4.5	22.5	17.5
1969-07-22	0	4.4	22.5	18.5
1969-07-23	0	5.4	22.5	18
1969-07-24	0	5.8	22	18
1969-07-25	0	6.3	21.5	18
1969-07-26	0	9.3	22	12
1969-07-27	0	3.2	22.5	18
1969-07-28	0	2.6	22	18
1969-07-29	0	4	22.5	18.5
1969-07-30	0	4.3	22.5	18
1969-07-31	0	2.8	23	18
1969-08-01	0	3	22.5	18.5
1969-08-02	0	3.4	23	18
1969-08-03	0	3	21	18
1969-08-04	0	3	22	14.5
1969-08-05	0	3.7	22.5	17.5
1969-08-06	0	5	24	18
1969-08-07	0	4.3	24	18
1969-08-08	0	3.2	24	19.5
1969-08-09	0	5.4	24.5	17
1969-08-10	0	5.7	25	20
1969-08-11	0	5.8	24	20
1969-08-12	0	5.3	23.5	18.5
1969-08-13	0	5.4	23	18.5
1969-08-14	0	5.8	24	18
1969-08-15	0	4.1	23.5	20
1969-08-16	0	3.7	23.5	19
1969-08-17	0	5.2	23	19
1969-08-18	0	6.3	27	19
1969-08-19	0	5.2	22	19
1969-08-20	0	4.8	22	17
1969-08-21	0	5.8	23	17
1969-08-22	0	7.3	26.5	18
1969-08-23	0	5.1	24	18
1969-08-24	0	4.7	23.5	16
1969-08-25	0	4.6	23	18
1969-08-26	0	4.9	23.5	18
1969-08-27	0	4.2	22	18
1969-08-28	0	4.9	22.5	18
1969-08-29	0	4.7	23	17.5
1969-08-30	0	4.9	22	17.5
1969-08-31	0	3.5	21.5	18.5
1969-09-01	0	5.3	22	18
1969-09-02	0	5.3	22	18
1969-09-03	0	4.1	22.5	18
1969-09-04	0	4.1	22	17
1969-09-05	0	5.1	22	18
1969-09-06	0	4.6	22.5	17.5
1969-09-07	0	4.7	22	18
1969-09-08	0	4.2	21	17.5
1969-09-09	0	4.1	20.5	16
1969-09-10	0	4	21	15.5
1969-09-11	0	1.7	20.5	16
1969-09-12	0	3.3	22	16
1969-09-13	0	4.1	22	17
1969-09-14	0	2.8	22	16.5
1969-09-15	0	4	21.5	17
1969-09-16	0	4	21.5	15
1969-09-17	0	2.2	19.5	17.5
1969-09-18	0	3.3	20.5	17
1969-09-19	0	1.6	19	16
1969-09-20	0	2	20.5	16
1969-09-21	0	3.2	22	16
1969-09-22	0	4.7	21.5	17
1969-09-23	0	5.1	21.5	18.5
1969-09-24	0	1.9	20.5	15.5
1969-09-25	0	2.3	19.5	17.5
1969-09-26	0	2	19.5	16.5
1969-09-27	0	4.1	20	16.5
1969-09-28	0	2.9	20	15
1969-09-29	0	3.3	21.5	15.5
1969-09-30	0	4	22	15
1969-11-01	0	2.3	21	12
1969-11-02	0	2.4	17	9.5
1969-11-03	0	2.4	18	11
1969-11-04	0	1.9	18	9
1969-11-05	8.1	2.7	19.5	13.5
1969-11-06	9.8	2.7	19	14.5
1969-11-07	0	2.7	18	11
1969-11-08	0	2.5	19	9
1969-11-09	8.5	4	19.5	9
1969-11-10	0	3	23	12.5
1969-11-11	0.2	4.5	25	16
1969-11-12	0	2.7	25	16
1969-11-13	0	2.4	21.9	16.5
1969-11-14	0	2.1	19	14
1969-11-15	1.5	0.6	18.5	16.5
1969-11-16	0	2.7	18.5	14
1969-11-17	0	7.7	18.5	10.5
1969-11-18	0	5.4	21	10
1969-11-19	0	4.1	19	10.5
1969-11-20	0	4.1	25.5	15
1969-11-21	0	2.7	19	11
1969-11-22	0	4.3	24	8
1969-11-23	0	4.5	21	8
1969-11-24	0	7.6	27	10.5
1969-11-25	0	6.6	27	12
1969-11-26	0	6.7	27	13.5
1969-11-27	0	9.1	28	13
1969-11-28	0	8	25.5	13
1969-11-29	0	10.9	23	9.5
1969-11-30	0	0.7	21	14
1969-12-01	0	17.5	21.5	11
1969-12-02	0	8.6	26	16
1969-12-03	0	1.3	20.5	13
1969-12-04	0	3.2	19.5	11.5
1969-12-05	0	2.8	18	12
1969-12-06	0	3.1	19.5	10
1969-12-07	0	2.6	17	9
1969-12-08	7	0.1	17.5	9
1969-12-09	0	2.2	17.5	11.5
1969-12-10	0	3.1	17	12
1969-12-11	0	2.4	16.5	8
1969-12-12	0	2.7	18	8.5
1969-12-13	0	1.8	18	6
1969-12-14	0	1.3	16	5
1969-12-15	0	1.7	16	4.5
1969-12-16	0	0.8	17	7.5
1969-12-17	0	2	17.5	10.5
1969-12-18	0	2	17.5	11
1969-12-19	0	2	18.5	10.5
1969-12-20	0	2.5	18	12.5
1969-12-21	0	1.1	23.5	11
1969-12-22	0	2.2	18	14
1969-12-23	0	1.2	16	12
1969-12-24	0	2.2	16.5	8
1969-12-25	0	2.2	17	11
1969-12-26	0	3.9	16	12
1969-12-27	4	2.1	12	7
1969-12-28	0	3.9	14.5	4
1969-12-29	0	2.7	15	2.5
1969-12-30	0	4.1	14	3.5
1969-12-31	0	1.3	15	5
1970-01-01	0	9.8	15	5
1970-01-02	0	10.8	14.5	10
1970-01-03	0	2.8	17.5	8
1970-01-04	0	2.1	16	7.6
1970-01-05	0	8	15	6
1970-01-06	0	7.7	18.5	10
1970-01-07	0	2.2	21.5	7
1970-01-08	0	2.3	15.5	3.5
1970-01-09	4	2.1	16	3.5
1970-01-10	3.2	1	17	12
1970-01-11	3.5	1.3	15.5	10.5
1970-01-12	2	1.5	15	13
1970-01-13	0	1.7	17	10
1970-01-14	0.6	0.6	15.5	11
1970-01-15	0	1.5	16	13
1970-01-16	8.5	1.1	16.5	14
1970-01-17	0	2.2	17.1	13.5
1970-01-18	0	0.6	16	8.5
1970-01-19	0	1.4	15	11
1970-01-20	0	1.5	15.5	10
1970-01-21	0	0.9	16.5	10
1970-01-22	0	1.8	14	10
1970-01-23	0	0.7	15	9
1970-01-24	0	1.8	14	9
1970-01-25	0	0.9	15	10.5
1970-01-26	0	1.4	14.5	6
1970-01-27	0	1.4	14	6.5
1970-01-28	0	3.2	15	8.5
1970-01-29	0	1.8	22.5	12.5
1970-01-30	0	2.1	21.5	12
1970-01-31	0	2.2	20	11.5
1970-02-01	0	3.8	17	7
1970-02-02	0	4.2	21	9
1970-02-03	0	4.1	24	8
1970-02-04	0	3.9	16.5	8
1970-02-05	0	2.3	16	8
1970-02-06	0	3.7	16	6
1970-02-07	0	4.1	17.5	7
1970-02-08	0	4.1	19	6.5
1970-02-09	0	2.5	17.5	6
1970-02-10	27	2.3	20	8
1970-02-11	0	2.3	17	13.5
1970-02-12	0	2.5	16.5	11
1970-02-13	0	2.3	17	9.5
1970-02-14	0	2.9	17.5	9.5
1970-02-15	0	2.9	18	8.5
1970-02-16	0	2.2	16.5	7
1970-02-17	0	2.2	16	9.5
1970-02-18	0	6.2	17	6.5
1970-02-19	0	6.3	22	11
1970-02-20	0	5.4	20	8
1970-02-21	0	5.9	19	8
1970-02-22	0	5.9	18	7
1970-02-23	0	3.8	20	6
1970-02-24	0	3.1	18.5	10
1970-02-25	0	3.8	20	11
1970-02-26	0	2.2	17	11
1970-02-27	0	3.1	17	8.5
1970-02-28	34	1.7	16	12
1970-03-01	30	5.1	16	12
1970-03-02	0	2.9	15	12
1970-03-03	0	3.5	15.5	12.5
1970-03-04	23	3.8	15.5	10
1970-03-05	0	4	14.5	11
1970-03-06	0	3.4	16	7.5
1970-03-07	0	3	16	8
1970-03-08	0	3	16	9
1970-03-09	2	3.9	16	10
1970-03-10	4	3	14.5	12
1970-03-11	0	3	16	9
1970-03-12	0	3.6	19	8
1970-03-13	0	5.3	23	11
1970-03-14	0	5.2	19	12
1970-03-15	4	3.2	16	9
1970-03-16	0	2.9	16	11
1970-03-17	0	2.7	17	8
1970-03-18	0	5.1	18.5	11
1970-03-19	0	5.7	17.5	9
1970-03-20	0	6	17	10
1970-03-21	0	5.9	16.5	10
1970-03-22	0	6	17.5	10.5
1970-03-23	0	3.4	17.5	10
1970-03-24	0	3.5	17	8.5
1970-03-25	0	3.3	17	11.5
1970-03-26	0	2.7	18.5	13
1970-03-27	0	4.7	18	10.5
1970-03-28	0	1.6	18	8
1970-03-29	0	3.4	17	9.5
1970-03-30	0	4.4	17	13.5
1970-03-31	0	4.2	18	12
1970-04-01	0	6.7	22	7
1970-04-02	0	3.6	22.5	7
1970-04-03	0	3.3	18	7
1970-04-04	0	7.7	24	7
1970-04-05	0	4.4	21	8
1970-04-06	0	0.8	19	6
1970-04-07	0	3.9	19	14
1970-04-08	0	3.8	19	9
1970-04-09	0	3.6	19	9
1970-04-10	0	3.3	20.5	9
1970-04-11	0	2.1	23	9
1970-04-12	0	5.7	22	14
1970-04-13	0	5	21.5	11
1970-04-14	0	6.7	19	11
1970-04-15	0	6.6	19	3
1970-04-16	6.5	4	16	8.5
1970-04-17	0	4	16	10
1970-04-18	0	5.7	18	8
1970-04-19	0	5.2	18	10
1970-04-20	0	4.6	18.5	9
1970-04-21	0	6.5	15.5	11
1970-04-22	0	4.8	16	9
1970-04-23	0	4.9	17	7
1970-04-24	0	4.5	18	6
1970-04-25	0	5.1	18	9
1970-04-26	0.2	3.9	18	11
1970-04-27	5	3.6	19	13
1970-04-28	0	5.4	14.5	11
1970-04-29	0	4.4	17	5
1970-04-30	0	4.8	17.5	5.5
1970-05-01	0	5.7	25	8
1970-05-02	0	4.3	19	12
1970-05-03	0	4.3	34.5	12.5
1970-05-04	0	5	17	10
1970-05-05	0	3	16.5	11
1970-05-06	0	3.5	17	11
1970-05-07	0	5.3	17	10.5
1970-05-08	0	4.7	18	10.5
1970-05-09	0	4.3	19	12
1970-05-10	0	4.3	18	13
1970-05-11	0	5.5	18	12
1970-05-12	0	4.5	18	9.5
1970-05-13	0	3.9	19	10
1970-05-14	0	5.5	19.5	10.5
1970-05-15	0	2.8	19.5	13
1970-05-16	0	3.8	19	12
1970-05-17	0	4.1	18.5	13
1970-05-18	0	3.8	18.5	13.5
1970-05-19	0	5.3	19	11
1970-05-20	0	4.3	18.5	14
1970-05-21	0	5.5	19	10
1970-05-22	0	5.9	19.5	13
1970-05-23	0	3.6	17.5	12
1970-05-24	0	2.8	18	14.5
1970-05-25	0	3.5	19	15
1970-05-26	0	2.5	19	15.5
1970-05-27	0	2.2	17	15
1970-05-28	0	4	18.5	15.5
1970-05-29	0	6.6	19.5	15
1970-05-30	0	4.8	19	16
1970-05-31	0	4.3	19	14
1970-06-01	0	4.6	19.5	16
1970-06-02	0	4	19.5	13
1970-06-03	0	2.1	18.5	14.5
1970-06-04	0	3.5	19	14.5
1970-06-05	0	3.5	20	14.5
1970-06-06	0.1	3.6	19.5	14
1970-06-07	0	1.2	19	15
1970-06-08	0	2.3	18	14.5
1970-06-09	0	6.3	20.5	15
1970-06-10	0	2.5	19	15
1970-06-11	0	6.7	20	15
1970-06-12	0	5.1	20	14.5
1970-06-13	0	4.9	19	14
1970-06-14	0	6	20	11
1970-06-15	0	7.5	20	15.5
1970-06-16	0	3.3	20	15.5
1970-06-17	0	5.8	20.5	13
1970-06-18	0	6.4	20.5	14
1970-06-19	0	5.7	20.5	15.5
1970-06-20	0	3.1	21	15
1970-06-21	0	2.6	20	15
1970-06-22	0	3.2	20	16
1970-06-23	0	4.4	20	16
1970-06-24	0	5.4	20.5	16.5
1970-06-25	0	5.8	22	16
1970-06-26	0	6.7	22	14.5
1970-06-27	0	2	20.5	17
1970-06-28	0	2	20.5	14.5
1970-06-29	0	5.8	20.5	15
1970-06-30	0	5.1	20.5	13
1970-07-01	0	5.1	20	12.5
1970-07-02	0	2.6	20.5	15
1970-07-03	0	4.7	23	15.5
1970-07-04	0	4.7	23	16
1970-07-05	0	4.6	22	17
1970-07-06	0	5	22	17
1970-07-07	0	5.6	22.5	16
1970-07-08	0	4.6	22.5	16
1970-07-09	0	3.5	22	16
1970-07-10	0	5.3	22	17.5
1970-07-11	0	7.4	22	17
1970-07-12	0	6	21.5	17
1970-07-13	0	5.3	21	16.5
1970-07-14	0	5.7	21	16.5
1970-07-15	0	5	20.5	16
1970-07-16	0	3.3	20.5	15
1970-07-17	0	5.5	22.5	15.5
1970-07-18	0	5.2	22	17
1970-07-19	0	4.9	22	16
1970-07-20	0	4.1	23.5	16
1970-07-21	0	4.2	23	19
1970-07-22	0	5.5	23.5	17.5
1970-07-23	0	6	22	16
1970-07-24	0	5.3	21.5	17.5
1970-07-25	0	7	22.5	17
1970-07-26	0	5.7	22.1	17.5
1970-07-27	0	3.7	22	17
1970-07-28	0	7.2	22.5	16.5
1970-07-29	0	6.6	23	18
1970-07-30	0	6.4	22.5	17
1970-07-31	0	6.2	22.5	15.5
1970-08-01	0	4.4	22.5	15
1970-08-02	0	4.6	22	15.5
1970-08-03	0	4.8	22	16
1970-08-04	0	5.3	21.5	17
1970-08-05	0	5.4	21.5	17.5
1970-08-06	0	5.6	22.5	18
1970-08-07	0	5.1	23.5	16.5
1970-08-08	0	5.2	24.5	17
1970-08-09	0	5.1	25	17
1970-08-10	0	5.2	24.5	18
1970-08-11	0	4.2	24	20
1970-08-12	0	5.8	25	19
1970-08-13	0	4.8	25	20
1970-08-14	0	5.7	25	20.5
1970-08-15	0	6.7	25	18.5
1970-08-16	0	5.1	25.5	19
1970-08-17	0	4	25.5	19
1970-08-18	0	5.4	25	21
1970-08-19	0	6.7	24.5	20
1970-08-20	0	5.6	23.5	19
1970-08-21	0	4.2	23.5	18.5
1970-08-22	0	6.5	23	16.5
1970-08-23	0	4.6	23	17
1970-08-24	0	3.8	23.5	17.5
1970-08-25	0	5.6	24.5	18.5
1970-08-26	0	4.2	23.5	19
1970-08-27	0	5	24	19
1970-08-28	0	5.4	23	19.5
1970-08-29	0	5.7	23	19
1970-08-30	0	3.5	22.5	18
1970-08-31	0	5.7	22.5	17.5
1970-09-01	0	4.9	22	17
1970-09-02	0	5.6	21.5	15.5
1970-09-03	0	4.5	21	16
1970-09-04	0	5.2	20	16.5
1970-09-05	0	3.6	21	16
1970-09-06	0	5.7	22	11
1970-09-07	0	4.3	22	12
1970-09-08	0	5	22.5	15.5
1970-09-09	0	4.2	22.5	16
1970-09-10	0	4.3	22	15
1970-09-11	0	3.1	20.5	17.5
1970-09-12	0	4.3	27	17.5
1970-09-13	0	3.2	21.5	15
1970-09-14	0	4.3	21	13.5
1970-09-15	0	3.5	21.5	12
1970-09-16	0	4	21.5	11
1970-09-17	0	3	21	13
1970-09-18	0	3.9	20.5	15
1970-09-19	0	5.3	21	10
1970-09-20	0	3.4	21	10.5
1970-09-21	0	3.8	21	12
1970-09-22	0	4.5	24.5	12
1970-09-23	0	2.6	21.5	10
1970-09-24	0	3.3	21.5	9
1970-09-25	0	10.2	34	12
1970-09-26	0	13	36	16
1970-09-27	0	6	37	17
1970-09-28	0	6.4	34	15
1970-09-29	0	5.2	26.5	17.5
1970-09-30	0	5.5	25	16
1970-10-01	0	2.9	23.5	14
1970-10-02	0.4	3.8	23	16.5
1970-10-03	0	2	22	17
1970-10-04	0	2.1	23.5	16.5
1970-10-05	0	3.1	20	18.5
1970-10-06	0	4.2	20	17
1970-10-07	0	4.1	24	15
1970-10-08	0	8.1	31	12
1970-10-09	0	3.6	21.5	10.5
1970-10-10	0	3.4	21.5	11.5
1970-10-11	0	3.1	21.5	11.5
1970-10-12	0	4.4	22	16
1970-10-13	0	3.5	21	17.5
1970-10-14	0	3.6	20.5	17
1970-10-15	0	4.9	21	17.5
1970-10-16	0	3.7	20.5	15.5
1970-10-17	0	3.9	20	16.5
1970-10-18	0	2.5	19.5	14
1970-10-19	0	5	20	16
1970-10-20	0	4.8	21	12
1970-10-21	0	0.6	20.5	11.5
1970-10-22	0	4.6	19	11.5
1970-10-23	0	1.3	20	12.5
1970-10-24	0	3.9	20	13
1970-10-25	0	2.5	20	11
1970-10-26	0	7.3	19.5	9
1970-10-27	0	13.4	26	12
1970-10-28	0	8.3	29	13.5
1970-10-29	0	8.2	20.5	8.5
1970-10-30	0	1.9	20	8.5
1970-10-31	0	3.3	19	9
1970-11-01	0	1.5	19	6
1970-11-02	0	2	17.5	8
1970-11-03	0	2.5	17.5	11
1970-11-04	0	3.4	18.5	11
1970-11-05	0	2.3	18.5	10.5
1970-11-06	0	2.6	19.5	13.5
1970-11-07	0	3.2	19	12
1970-11-08	0	3.3	18	10
1970-11-09	0	2.4	20.5	9.5
1970-11-10	0	2	18	9.5
1970-11-11	0	2.5	17	8
1970-11-12	0	3.3	22.5	14
1970-11-13	0	9.7	26	10
1970-11-14	0	7.8	27	17
1970-11-15	0	5.9	28.5	17
1970-11-16	0	3.1	20	12
1970-11-17	0	1.9	18	7.5
1970-11-18	0	2.1	18	7.5
1970-11-19	0	2.6	17.5	10
1970-11-20	0	2.2	19	10.5
1970-11-21	0	3.2	18.5	10.5
1970-11-22	0	1.4	16.5	8.5
1970-11-23	0	2.3	17	10.5
1970-11-24	0	1.1	16	8
1970-11-25	9	1.4	18	10
1970-11-26	1.7	1.2	17	14
1970-11-27	0	2.5	16	11
1970-11-28	10	2.2	19	11.5
1970-11-29	10	2	17	14
1970-11-30	0	2	17	11
1970-12-01	0	1.6	16	9
1970-12-02	1.4	1.2	16	9
1970-12-03	0	2.3	15	7
1970-12-04	0	2	18.5	8
1970-12-05	0	2.3	18	10
1970-12-06	0	2.1	20	11.5
1970-12-07	0	0.5	18	10
1970-12-08	0	0.9	15	10.5
1970-12-09	3.7	0.8	15.5	12
1970-12-10	0	4.8	18	7
1970-12-11	0	5	23.5	10
1970-12-12	0	1.5	17	6.5
1970-12-13	0	1.1	16	6
1970-12-14	0	2.6	15.5	9
1970-12-15	0	0.1	15	8
1970-12-16	12.1	2.5	16	7
1970-12-17	7.8	1.3	13	10
1970-12-18	12.6	2.3	14	7
1970-12-19	0	2.8	15	8.5
1970-12-20	14.2	1.6	13	8
1970-12-21	4.3	1.7	15	10
1970-12-22	0	1.7	14.5	8
1970-12-23	0	2.1	14	6
1970-12-24	0	2.3	14.5	8
1970-12-25	0	0.5	14.5	8
1970-12-26	0	0.9	14.5	8
1970-12-27	0	0.8	14	8
1970-12-28	0	2.2	14	7.5
1970-12-29	0	0.6	14	6
1970-12-30	0	1.3	16	5
1970-12-31	0	4.9	16	7
1971-01-01	1.5	6.6	14	7
1971-01-02	NULO	5.55	12	11
1971-01-03	NULO	4.5	13	6
1971-01-04	0	4.7	11	4.5
1971-01-05	0	5.8	12	3
1971-01-06	0	6.1	12	5.5
1971-01-07	0	3.7	12	3
1971-01-08	0	2	14	3.5
1971-01-09	0	1.1	15	4
1971-01-10	0	2.1	15	8
1971-01-11	0	1.9	14	10
1971-01-12	4.5	0.6	14	10
1971-01-13	NULO	1.6	14	6.5
1971-01-14	NULO	1.7	14	6
1971-01-15	0	2.2	15	5
1971-01-16	0	2.2	17	7
1971-01-17	0	1.9	20.5	7
1971-01-18	0	1.69	21	9.5
1971-01-19	0	1.15	18	10
1971-01-20	0	0.75	13	8.5
1971-01-21	NULO	1.3	13	11.5
1971-01-22	NULO	0.7	14	12.5
1971-01-23	NULO	1.3	15	9.5
1971-01-24	NULO	2.2	14	9
1971-01-25	NULO	1.2	13	3
1971-01-26	NULO	2.7	21	5
1971-01-27	0	5.1	24	9
1971-01-28	0	2.3	24	15
1971-01-29	0	3.4	22	10.5
1971-01-30	0	1	20	7.5
1971-01-31	0	1	15	6
1971-02-01	0	1.7	16	9.5
1971-02-02	0	3.2	12.5	11.5
1971-02-03	0	0.4	15	6
1971-02-04	0	1.8	15	5.5
1971-02-05	0	1.9	14.5	4
1971-02-06	0	1.1	15	5
1971-02-07	0	1.2	14	6.5
1971-02-08	0	2.1	14	6.5
1971-02-09	0	4.5	26	3
1971-02-10	0	3.1	25	7.5
1971-02-11	0	3.4	19.5	6
1971-02-12	0	3.3	29.5	10.5
1971-02-13	0	2.7	20	9.5
1971-02-14	0	1.55	14	7
1971-02-15	0	2.25	16	11
1971-02-16	10	1.5	13	12
1971-02-17	3	3	12.5	10
1971-02-18	NULO	2	15.5	11
1971-02-19	NULO	3.35	14.5	7
1971-02-20	NULO	2.15	12.5	6
1971-02-21	0	3.6	14.5	2
1971-02-22	1.6	3.3	18.5	5
1971-02-23	1.8	2.6	15	10
1971-02-24	NULO	0.7	15	6
1971-02-25	NULO	2.8	16	5
1971-02-26	0	8.6	19	8
1971-02-27	NULO	4.6	16	7
1971-02-28	NULO	4	15	10.5
1971-03-01	NULO	6.6	13	11
1971-03-02	NULO	7.3	18	6.5
1971-03-03	NULO	4.9	17	7
1971-03-04	0	2.4	16	5
1971-03-05	0	7	15.5	8.5
1971-03-06	0	5.8	23	6
1971-03-07	0	8.2	19	7
1971-03-08	NULO	2.6	15	5.5
1971-03-09	NULO	3.4	14.5	8
1971-03-10	0	3.5	15	11
1971-03-11	NULO	3.2	15.5	10.5
1971-03-12	8	2.6	15	8
1971-03-13	0	2.5	24.5	11
1971-03-14	0	3	25	6.5
1971-03-15	0	2.9	16	7
1971-03-16	0	4.3	18	8
1971-03-17	0	3.3	16	8
1971-03-18	0	2.8	16	8
1971-03-19	0	2.1	15.5	8
1971-03-20	0	3.6	14.5	4.5
1971-03-21	NULO	3	15	3.5
1971-03-22	0	3.8	15	7
1971-03-23	0	2.35	15.5	10.5
1971-03-24	0	1.85	16	11.5
1971-03-25	0	2.5	16.5	10
1971-03-26	0	3.4	16.5	13
1971-03-27	0	3	16.5	12.5
1971-03-28	0	3	15.5	10
1971-03-29	0	2.65	15	8
1971-03-30	0	2.45	15.5	9.5
1971-03-31	NULO	3.7	17.5	10.5
1971-04-01	NULO	2.9	17.5	9
1971-04-02	NULO	3.7	18.5	5
1971-04-03	0	4.11	25.5	8.5
1971-04-04	0	4.11	32.5	9
1971-04-05	0	4.1	24	9
1971-04-06	0	3.9	17.5	6
1971-04-07	0	5.1	17.5	9.5
1971-04-08	0	4.11	17.5	12.5
1971-04-09	0	4.11	17	8
1971-04-10	0	4.4	17.5	9
1971-04-11	0	4.4	17	9
1971-04-12	0	3.9	17.5	10
1971-04-13	NULO	3.95	17.5	9
1971-04-14	23	2.05	15	12
1971-04-15	NULO	3.7	17	12
1971-04-16	NULO	2.3	15.5	13
1971-04-17	1	4	15.5	13
1971-04-18	NULO	4.1	15	10.5
1971-04-19	0	4.1	16.5	8
1971-04-20	0	5	16	9
1971-04-21	0	6.5	15.5	11
1971-04-22	0	3.7	16.5	7
1971-04-23	0	4.3	17	8
1971-04-24	0.3	5.9	16	12
1971-04-25	1	3.8	15.5	10
1971-04-26	NULO	4.2	15.5	10
1971-04-27	NULO	3.7	16	7
1971-04-28	NULO	5.2	16.5	12
1971-04-29	0	4.4	16.5	12.5
1971-04-30	0	5.6	16.5	11
1971-05-01	0	3	16	11.5
1971-05-02	0	4.3	16.5	10.5
1971-05-03	1.4	5.4	18.5	11
1971-05-04	0.3	4.3	17	12
1971-05-05	2	2.9	15.5	12
1971-05-06	NULO	2.8	16	11.5
1971-05-07	16	4.4	19	12
1971-05-08	NULO	4.6	17.5	10.5
1971-05-09	0	4.9	17.5	10
1971-05-10	0	3.8	17.5	10.5
1971-05-11	NULO	2.3	17.5	14
1971-05-12	NULO	1.7	16	13.5
1971-05-13	NULO	2.3	17.5	13.5
1971-05-14	NULO	2.5	18	13.5
1971-05-15	NULO	3.8	14	11
1971-05-16	NULO	2.85	18	12.5
1971-05-17	0	5.45	19.5	9.5
1971-05-18	0	8	30	9
1971-05-19	0	3.7	20.5	9.5
1971-05-20	0	5.9	17.5	12
1971-05-21	0	5.9	16.5	13
1971-05-22	0	5.9	17.5	12
1971-05-23	0	5.2	18.5	11
1971-05-24	0	5.4	18	12
1971-05-25	0	4.4	18	13.5
1971-05-26	0	4.5	18.5	13
1971-05-27	0	6	17	13
1971-05-28	3	1.1	15.5	11
1971-05-29	0.5	2.4	17	9.5
1971-05-30	0	4.8	17	12.5
1971-05-31	0	5.7	17.5	12.5
1971-06-01	0	5.6	16.5	8.5
1971-06-02	0	5.1	19	10.5
1971-06-03	0	4.7	18.5	12.5
1971-06-04	0	5.25	18.5	12
1971-06-05	0	4.45	18.5	14
1971-06-06	0	4.3	17.5	11.5
1971-06-07	0	3.6	18.5	14
1971-06-08	0	2.4	17.5	15
1971-06-09	0.3	2.05	18	14.5
1971-06-10	0	2.25	18	13.5
1971-06-11	0	4.9	20	14.5
1971-06-12	0	7.5	20.5	15
1971-06-13	0	3	18.5	15
1971-06-14	0	3.2	18.5	14
1971-06-15	NULO	3	19	13
1971-06-16	NULO	1.9	19	11
1971-06-17	NULO	4.4	19	14
1971-06-18	NULO	3.9	19.5	14
1971-06-19	0	4.5	20	14
1971-06-20	NULO	6.4	20.5	12
1971-06-21	0	2.95	20.5	15.5
1971-06-22	NULO	4.75	20	14.5
1971-06-23	0	2.5	19	16
1971-06-24	0	2.5	18	14.4
1971-06-25	0	2.95	20	15
1971-06-26	0	4.6	20	15.5
1971-06-27	0	4.6	20.5	15
1971-06-28	0	6.15	20.5	16
1971-06-29	0	6.65	20	14
1971-06-30	0	5.3	21	15
1971-07-01	0	5.3	19.5	13
1971-07-02	0	5.5	20.5	15.5
1971-07-03	0	5.5	20	15
1971-07-04	0	5.15	20.5	15.5
1971-07-05	0	5.4	21	14.5
1971-07-06	0	5.25	21	16
1971-07-07	0	6.3	21.5	16
1971-07-08	0	6	21.5	17
1971-07-09	0	4.5	22	15
1971-07-10	0	6.7	22	15.5
1971-07-11	NULO	5.4	23	14
1971-07-12	0	3.7	22	14
1971-07-13	0	3.8	22	16
1971-07-14	0	2.4	19.5	17
1971-07-15	0	4.5	21.5	16.5
1971-07-16	0	3	21.5	16.5
1971-07-17	0	2.75	20.5	16
1971-07-18	0	4.08	23	17
1971-07-19	0	5.97	25	16
1971-07-20	0	3.01	25	14.5
1971-07-21	0	2.76	23.5	14.5
1971-07-22	0	2.83	24	14
1971-07-23	0	3.04	24	14
1971-07-24	0	4.7	23	14
1971-07-25	0	4	24	13.5
1971-07-26	0	3.67	25	14
1971-07-27	0	4.33	24	14.5
1971-07-28	0	4	24	14
1971-07-29	0	4.52	25.5	14
1971-07-30	0	6.38	27	15.5
1971-07-31	0	4.3	27	16
1971-08-01	14.3	1.4	28	17
1971-08-02	0	9.38	26.5	16
1971-08-03	0	4.1	27	16
1971-08-04	0	4.69	28	14
1971-08-05	0	4.88	26	16
1971-08-06	0	6.3	28	15.5
1971-08-07	0	4.55	27	15
1971-08-08	0	5.94	28	15
1971-08-09	0	4.96	29.5	14
1971-08-10	0	4.8	29	16
1971-08-11	0	5.47	28	17
1971-08-12	0	5.43	30	17
1971-08-13	0	5.8	29.5	17.5
1971-08-14	0	6.2	28	18.5
1971-08-15	0	4.94	27.5	17
1971-08-16	0	4.95	27	16
1971-08-17	0	3.68	27.5	16
1971-08-18	0	2.93	27	15.5
1971-08-19	0	4.4	27	16
1971-08-20	0	3.55	27	17
1971-08-21	0	3.25	23.5	17
1971-08-22	0	4.28	25	18
1971-08-23	0	5.12	24.5	17.5
1971-08-24	0	5	24	19
1971-08-25	0	5.2	24.5	18.5
1971-08-26	0	5.7	24	19.5
1971-08-27	0	5	25	17
1971-08-28	0	5.2	25.5	18
1971-08-29	0	5	26	17.5
1971-08-30	0	6.5	23	18.5
1971-08-31	0	5.9	24	14.5
1971-09-01	0	5.1	22.5	16.5
1971-09-02	0	6.15	23.5	18
1971-09-03	0	5.75	23	18.5
1971-09-04	0	4.5	22	14
1971-09-05	0	4.3	22.5	14
1971-09-06	0	4.8	23	16
1971-09-07	0	5.35	24.5	18
1971-09-08	0	5.2	24.5	17.5
1971-09-09	0	5.45	23	19.5
1971-09-10	0	4.85	23	18
1971-09-11	0	5.15	26	14
1971-09-12	0	5.18	25.5	17
1971-09-13	NULO	4.7	28	18.5
1971-09-14	NULO	4.15	23	17
1971-09-15	0	2.25	23	18.5
1971-09-16	0	2.2	23.5	17
1971-09-17	0	2.1	22	17.5
1971-09-18	0	4.7	23.5	20
1971-09-19	0	3.75	22	16
1971-09-20	0	3.95	23.5	14.5
1971-09-21	0	4.85	22.5	18
1971-09-22	0	4.45	22	14.5
1971-09-23	NULO	4.1	22	14
1971-09-24	NULO	3.9	22	13.5
1971-09-25	0	5	22.5	14.5
1971-09-26	0	3.6	20.5	14.5
1971-09-27	0	2.5	21	12.5
1971-09-28	NULO	4.2	21	11.5
1971-09-29	1	3.7	21	14
1971-09-30	0	4.3	21.5	13
1971-10-01	0	3.8	21.5	10
1971-10-02	0	4.5	21	10
1971-10-03	0	4	22.5	11
1971-10-04	0	4.1	24.5	12
1971-10-05	0	9.3	37	16
1971-10-06	0	9.7	37.5	21.5
1971-10-07	0	8.5	28	17.5
1971-10-08	NULO	4.2	22	15.5
1971-10-09	0	3.3	24	14
1971-10-10	0	5	13	8
1971-10-11	0	3.6	24	9.5
1971-10-12	0	2.5	20	14
1971-10-13	0	2.45	19.5	15
1971-10-14	0	3.45	20	16
1971-10-15	6	3.15	19	16
1971-10-16	3.5	5.05	18	13
1971-10-17	NULO	2.6	16.5	8.5
1971-10-18	NULO	4.1	18.5	9.5
1971-10-19	0	5.4	22.5	10.5
1971-10-20	0	2.4	20	13
1971-10-21	0	3.3	19.5	9.5
1971-10-22	NULO	2.2	21	9
1971-10-23	NULO	2.4	20	12
1971-10-24	7.5	5.75	17	12
1971-10-25	NULO	2.65	17	8.5
1971-10-26	NULO	2.4	18.5	9
1971-10-27	NULO	3.05	18	11
1971-10-28	NULO	4.15	16.5	12.5
1971-10-29	NULO	5.8	15	3.5
1971-10-30	NULO	5.1	20	6
1971-10-31	0	5	18.5	6
1971-11-01	0	4.7	25.5	9
1971-11-02	0	3.8	20.5	7
1971-11-03	0	4.3	27	9
1971-11-04	0	1.9	18.5	10
1971-11-05	0	1.65	17	7.5
1971-11-06	0	2.35	17	10.5
1971-11-07	0	2.4	16	9
1971-11-08	0	1.8	16	2
1971-11-09	0	0.8	14.5	8
1971-11-10	0	1.9	17	8
1971-11-11	1.9	2.2	16.5	10.5
1971-11-12	0	2.3	17.5	13
1971-11-13	2.5	2	17	8.5
1971-11-14	0	1.3	17	8.5
1971-11-15	0	2.7	NULO	NULO
1971-11-16	0	2.4	16	7.5
1971-11-17	0	1.8	17	8
1971-11-18	0	6.7	17	8
1971-11-19	0	7.6	20	11.5
1971-11-20	0	1	18	9.5
1971-11-21	0	1.4	17	8.5
1971-11-22	0	2	NULO	NULO
1971-11-23	0	1.4	15	6
1971-11-24	0	1.3	14.5	7
1971-11-25	0	1.8	16	8
1971-11-26	0	1.1	14	5.5
1971-11-27	0	1.1	15	6
1971-11-28	2.1	0.7	16.5	9.5
1971-11-29	0.5	1.25	16	13
1971-11-30	0	1.75	NULO	NULO
1971-12-01	0	17	16	7
1971-12-02	1	0.9	16.5	6.5
1971-12-03	13	2	15	9
1971-12-04	0	2.9	15	10.5
1971-12-05	0	2.3	16.5	6
1971-12-06	1.5	1.6	15.5	3.5
1971-12-07	0	2.2	14.5	7
1971-12-08	0	2	12.5	-1
1971-12-09	0	3	14	3.5
1971-12-10	0	0.8	14	7
1971-12-11	0	1.6	13.5	5.5
1971-12-12	3.2	0.2	13	2.5
1971-12-13	0	2	12.5	7
1971-12-14	0	1.9	13	2
1971-12-15	0	2.7	16	6
1971-12-16	0	6.55	18	7
1971-12-17	0	11.05	17	9.5
1971-12-18	0	1.8	15	8
1971-12-19	0	2.3	15	6
1971-12-20	0	0.6	15	4
1971-12-21	5	2.3	15	6
1971-12-22	2	1.7	16	8.5
1971-12-23	3	2	16	12
1971-12-24	5	1.5	15	12
1971-12-25	5	2.2	16	13
1971-12-26	0	2.3	17.5	10
1971-12-27	12.8	1.8	13	6
1971-12-28	7.9	1.9	12.5	7
1971-12-29	0	3	12.5	5
1971-12-30	0	5	15	4
1971-12-31	0	3.7	20	8
1972-01-01	0	10.3	21.5	5.5
1972-01-02	0	4.2	17	6
1972-01-03	0	10.9	15	9
1972-01-04	0	11.5	13.5	12
1972-01-05	0	2.2	14.5	8.5
1972-01-06	0	1.2	14.5	7.5
1972-01-07	0	0.8	13	4
1972-01-08	0	2.5	12	4
1972-01-09	0	0.9	12.5	3.5
1972-01-10	0	1.3	14	3.5
1972-01-11	0	1.5	16	3
1972-01-12	0	1.5	13.5	2
1972-01-13	0	1.5	13.5	5
1972-01-14	0	3	15	8.5
1972-01-15	0	4	26	10
1972-01-16	0	3	11	5
1972-01-17	0	3	11.5	5.5
1972-01-18	0	1.2	12.5	5.5
1972-01-19	0	1.3	13	7
1972-01-20	0	1.8	13	6
1972-01-21	0	1.3	13	5.5
1972-01-22	0	1.8	13	6
1972-01-23	0	0.9	13.5	7
1972-01-24	0	1.6	16	6.5
1972-01-25	0	1.6	14	6
1972-01-26	0	2.2	13	7
1972-01-27	0	3	13.5	5
1972-01-28	0	1.5	14	5.5
1972-01-29	0	8.6	17	3
1972-01-30	0	5.8	21.5	7
1972-01-31	0	3	17	7
1972-02-01	0	1.6	15	4
1972-02-02	0	11.5	18	8
1972-02-03	0	4	19	10.5
1972-02-04	2.4	1.5	15	8.5
1972-02-05	1.7	1.2	14	10.5
1972-02-06	0	1.7	14.5	8.5
1972-02-07	0	2	16.5	7.5
1972-02-08	0	1.5	18	5.5
1972-02-09	0	2.6	16	9.5
1972-02-10	0	2.8	18.5	6
1972-02-11	0	5.3	23.5	8.5
1972-02-12	0	4.5	22	11
1972-02-13	0	3.2	17.5	8
1972-02-14	0	2.8	14.5	4.5
1972-02-15	0	2.2	15	8
1972-02-16	0	1.4	15	7
1972-02-17	0	1.2	13.5	6
1972-02-18	0	1.8	17	7.5
1972-02-19	0	2.5	18	8.5
1972-02-20	0	0.9	17.5	5
1972-02-21	0	0.6	18	7
1972-02-22	0	4	18	6.5
1972-02-23	0	2.7	18	3
1972-02-24	0	2.4	16	6
1972-02-25	0	1.8	17	7
1972-02-26	0	1.3	16	4
1972-02-27	0	0.7	15.5	5.5
1972-02-28	0	0.9	16.5	5
1972-02-29	0	2.9	19.5	4.5
1972-03-01	0	3.2	22	9
1972-03-02	0	3.2	21	7
1972-03-03	0	1.4	19.5	5
1972-03-04	0	2.6	18	8.5
1972-03-05	0	2.7	17.5	7
1972-03-06	0	1.5	14	8
1972-03-07	0	3	16	12
1972-03-08	0	2.2	16	11.5
1972-03-09	0	2.3	15.5	9.5
1972-03-10	0	3.6	16.5	11
1972-03-11	0	2.7	16	13.5
1972-03-12	0	2.6	16	11
1972-03-13	0	3.1	15.5	11.5
1972-03-14	0	2.5	16	12
1972-03-15	0	1.9	15.5	13
1972-03-16	0	2.2	16	12
1972-03-17	0	1.5	14.5	11.5
1972-03-18	0	2.8	16	12.5
1972-03-19	0	2.8	16.5	12.5
1972-03-20	0	3	16.5	13
1972-03-21	0	4.5	17	13
1972-03-22	0	4.6	17	11
1972-03-23	0	3.7	17.5	10.5
1972-03-24	0	3.2	18	8
1972-03-25	0	4.7	17.5	8.5
1972-03-26	0	3.9	16.5	13.5
1972-03-27	0	4.8	16.5	12
1972-03-28	0	3.8	17	7
1972-03-29	0	4.6	16	8
1972-03-30	0	4.2	18	7
1972-03-31	0	5.1	19	7
1972-04-01	0	3.1	18.5	8
1972-04-02	0	3.8	18.5	8.5
1972-04-03	0	3.3	18	10.5
1972-04-04	0	3.3	18.5	10.5
1972-04-05	0	2.4	20	10.5
1972-04-06	0	4.8	19	13
1972-04-07	0	3.9	19	9
1972-04-08	0	4	19	10
1972-04-09	0	3.9	19	9
1972-04-10	0	2.3	17.5	13
1972-04-11	2	1	19	12
1972-04-12	0.5	4.1	18	10.5
1972-04-13	0.2	3.5	16.5	12
1972-04-14	0	5.3	17	7.5
1972-04-15	0	4.7	18	8
1972-04-16	0	3.2	17	7
1972-04-17	0	4.7	16	10.5
1972-04-18	0	3.1	15	12
1972-04-19	0	4.1	17	11
1972-04-20	0	3.9	17	7
1972-04-21	0	3.7	17.5	8.5
1972-04-22	0	4.7	17.5	8
1972-04-23	0	4.7	18.5	10
1972-04-24	0	5.9	17.5	12.5
1972-04-25	0	5.7	18.5	12.5
1972-04-26	0	4.1	19.5	9.5
1972-04-27	0	3.4	19.5	9.5
1972-04-28	0	5.4	19	11
1972-04-29	0	5.1	19	11.5
1972-04-30	0	5.1	19	9.5
1972-05-01	0	5	19.5	11
1972-05-02	0	4.7	19.5	13
1972-05-03	0	2.9	20	14
1972-05-04	0	5.8	18.5	14
1972-05-05	0	4.9	18	14.5
1972-05-06	0	3.1	17	14.5
1972-05-07	0	5	17.5	14
1972-05-08	0	5.4	18.5	11.5
1972-05-09	0	5.2	19	12
1972-05-10	0	5	19	12
1972-05-11	0	5	19.5	12
1972-05-12	0	4.9	18.5	13
1972-05-13	0	4.7	19	11
1972-05-14	0	4	19	12.5
1972-05-15	0	4	19.5	13.5
1972-05-16	0	4.1	19	14.5
1972-05-17	0	5.9	19	14
1972-05-18	1	4.3	18	14.5
1972-05-19	3	4.6	18	12.5
1972-05-20	0	6.1	18.5	11.5
1972-05-21	0	6.4	19	11.5
1972-05-22	0	5.4	19.5	11
1972-05-23	0	5	18.5	12
1972-05-24	0	3.9	17	14
1972-05-25	0	6	19	14
1972-05-26	0	4.2	20	15
1972-05-27	0	4.5	20	15
1972-05-28	0	6	21.5	13.5
1972-05-29	0	5	21	15
1972-05-30	0	3	21.5	14
1972-05-31	0	5.3	20.5	14.5
1972-06-01	0	4.9	20	16.5
1972-06-02	0	2.8	20	14
1972-06-03	0	3	19.5	16
1972-06-04	0	3.4	19	16
1972-06-05	0.4	1.3	19	16
1972-06-06	0.5	0.9	17.5	15
1972-06-07	0.1	2.7	19	15.5
1972-06-08	0	1.5	18.5	15.5
1972-06-09	0	0.3	19	15.5
1972-06-10	0	5.9	20.5	16
1972-06-11	0	6.4	21.5	13
1972-06-12	0	5.4	21	14
1972-06-13	0	4.1	19.5	16
1972-06-14	0	6.4	21	15.5
1972-06-15	0	5.8	21.5	15
1972-06-16	0	4.9	20.5	17
1972-06-17	0	3.6	20.5	16.5
1972-06-18	0	6.2	21.5	17.5
1972-06-19	2.6	7.3	22	18
1972-06-20	0.6	1.9	25.5	18
1972-06-21	0	4	21	16
1972-06-22	1.4	4.2	21	16
1972-06-23	0	6.4	21	16
1972-06-24	0	5	21	16
1972-06-25	0	7	21	15
1972-06-26	0	6.6	21	13.5
1972-06-27	0	6.4	21	16
1972-06-28	0	6.7	19.5	15.5
1972-06-29	0	3.3	20.5	15.5
1972-06-30	0	4.8	20.5	15
1972-07-01	0	5.1	21	15.5
1972-07-02	0	6.6	22	15
1972-07-03	0	5.9	21	16
1972-07-04	0	6.6	21	16
1972-07-05	0	6.1	22	16.5
1972-07-06	0	12.2	21.5	16
1972-07-07	0	3.7	22	16.5
1972-07-08	0	4.8	21	15.5
1972-07-09	0	6.8	22.5	18
1972-07-10	0	6.6	22.5	17
1972-07-11	0	6.1	23	16
1972-07-12	0	5.9	23	19
1972-07-13	0	5.6	23.5	18
1972-07-14	0	4.2	22	18
1972-07-15	0	5.1	23	18.5
1972-07-16	0	6.1	23.5	19
1972-07-17	0	5.5	24	18
1972-07-18	0	7.7	24	20
1972-07-19	0	7	24	19
1972-07-20	0	5.2	22	19
1972-07-21	0	7.1	23	19
1972-07-22	0	7	29	15.5
1972-07-23	0	4.5	26	19
1972-07-24	0	5.9	27	18
1972-07-25	0	6.9	27	15.5
1972-07-26	0	6.4	27	15.5
1972-07-27	0	6.5	27	16
1972-07-28	0	4.3	34.5	15
1972-07-29	0	5.5	30	15
1972-07-30	0	5.8	28.5	16
1972-07-31	0	6	27	19
1972-08-01	0	5.8	28	13.5
1972-08-02	0	1.8	26	20
1972-08-03	0	5	25	17
1972-08-04	0	5	25	15
1972-08-05	0	3.9	30	15.5
1972-08-06	0	4.4	27	19
1972-08-07	0	6.8	27	18.5
1972-08-08	0	6.3	27	15.5
1972-08-09	0	5.4	26	16
1972-08-10	0	4.5	27	16
1972-08-11	0	6.1	28	15
1972-08-12	0	6.5	30	18
1972-08-13	0	2.3	27.5	18
1972-08-14	0	6.2	27.5	16.5
1972-08-15	0	5.3	26	11.5
1972-08-16	0	5.7	26	11.5
1972-08-17	0	6.3	22	11
1972-08-18	0	5.6	22.5	18.5
1972-08-19	0	6.6	22.5	18.5
1972-08-20	0	4.2	23.5	15.5
1972-08-21	0	7.3	24	18
1972-08-22	0	4.7	26	17
1972-08-23	0	5.9	24	16
1972-08-24	0	4.7	23.5	18
1972-08-25	0	5.2	22.5	19
1972-08-26	0	4.7	22.5	17
1972-08-27	0	3.2	23.5	19
1972-08-28	0	5	23.5	18.5
1972-08-29	0	2	26	18.5
1972-08-30	0	5.1	27	20
1972-08-31	0	4.3	26	20.5
1972-09-01	0	5.5	25	20
1972-09-02	0	5.3	24	17.5
1972-09-03	0	2.6	23	19
1972-09-04	0	3.7	24.5	19.5
1972-09-05	4.2	5.6	26	18
1972-09-06	1.5	1.1	21	20
1972-09-07	0	0.9	20	19
1972-09-08	0.6	1.2	19.5	18
1972-09-09	0	1.2	21	18
1972-09-10	0	4	23	18
1972-09-11	0	5.7	23	17
1972-09-12	0	5	22.5	14.5
1972-09-13	0	4.6	22	13.5
1972-09-14	0	4.1	22	14
1972-09-15	0	4.6	21	15.5
1972-09-16	0	3.4	20.5	16
1972-09-17	0	6.1	22	16
1972-09-18	0	2.9	21	16.5
1972-09-19	0	4.8	22	14
1972-09-20	0	3.7	22	14
1972-09-21	0	3.6	24	13.5
1972-09-22	0	3.7	23.5	14
1972-09-23	0	5	22	16
1972-09-24	0	4.2	21	19.5
1972-09-25	0	4.6	23	16.5
1972-09-26	0	4.2	22.5	14.5
1972-09-27	0	2.7	22.5	16
1972-09-28	0	4.3	23	18.5
1972-09-29	0	3.8	22.5	16.5
1972-09-30	0	4	22	17
1972-10-01	0	3.5	22.5	19.5
1972-10-02	0	4.4	21.5	17.5
1972-10-03	0	3.7	22.5	12
1972-10-04	0	4.1	22	14.5
1972-10-05	0	8.8	32.5	17
1972-10-06	0	6	30.5	19.5
1972-10-07	0	1.5	22.5	19
1972-10-08	0	1	20	17
1972-10-09	0	2.7	22	19
1972-10-10	0	2.3	21	15
1972-10-11	0	2.8	21.5	12
1972-10-12	2.6	1	20	11
1972-10-13	0	3.9	22	11.5
1972-10-14	1.6	2.4	22	15
1972-10-15	0	2.7	22.5	15
1972-10-16	4.6	1.8	21	13
1972-10-17	15.9	1.6	19.5	15.5
1972-10-18	5.6	0.1	18	15.5
1972-10-19	0	2.6	20	13
1972-10-20	0	1.5	18.5	14
1972-10-21	0	2.8	19.5	12.5
1972-10-22	0	2.2	19.5	12.5
1972-10-23	0	1.2	18.5	13.5
1972-10-24	0	2.2	19.5	15
1972-10-25	0	2.4	20	12.5
1972-10-26	0	1.4	19	13
1972-10-27	0	0.6	19.5	14.5
1972-10-28	0	5.5	19.5	12.5
1972-10-29	0	0.5	19.5	11.5
1972-10-30	0	5.7	19.5	10.5
1972-10-31	0	3.3	18.5	6.5
1972-11-01	0	4.8	18.5	10
1972-11-02	0	0.3	18	9
1972-11-03	0	5.8	19.5	9
1972-11-04	0	2.5	20	14
1972-11-05	0	3.6	19.5	14
1972-11-06	0	2.5	19	10
1972-11-07	5.2	2.2	19.5	10.5
1972-11-08	0	3.2	18.5	14.5
1972-11-09	0	3	17.5	9.5
1972-11-10	5	2.8	18	9.5
1972-11-11	5	4.4	16.5	12.5
1972-11-12	0	2.1	17	10.5
1972-11-13	0.1	2.3	17	9
1972-11-14	5	0.9	17	9.5
1972-11-15	0	1.3	18	10.5
1972-11-16	19.5	2.7	17	10.5
1972-11-17	0.8	1.4	18	11
1972-11-18	0	0.9	20	9
1972-11-19	0	1.6	21	6
1972-11-20	0	3.9	18	6.5
1972-11-21	0	6.7	21	9
1972-11-22	0	5.2	21.5	10.5
1972-11-23	0	3	18	8.5
1972-11-24	0	1	18	8
1972-11-25	0	3.2	19	11.5
1972-11-26	0	2	21	13
1972-11-27	0	2.7	21.5	9
1972-11-28	0	2.7	22	7
1972-11-29	0	9.1	24.5	9
1972-11-30	0	3.8	22	10.5
1972-12-01	0	2.2	25	12
1972-12-02	0	1	18	5.5
1972-12-03	0	1.5	18.5	10
1972-12-04	15.5	2.2	15.5	10.5
1972-12-05	0	2.2	15.5	11.5
1972-12-06	1.7	0.7	13.5	9.5
1972-12-07	3	0.6	14.5	9
1972-12-08	19	6	10.5	9
1972-12-09	0	0.5	14	8
1972-12-10	5.2	0.9	12	8
1972-12-11	0	4.2	12	5.5
1972-12-12	0	0.1	13.5	4
1972-12-13	0	1.9	13	6
1972-12-14	0	4.2	16	4
1972-12-15	0	10.5	20.5	7.5
1972-12-16	0	2.5	22	14
1972-12-17	0	3.2	20	9.5
1972-12-18	0	1.8	18.5	9.5
1972-12-19	0	0.7	17	8.5
1972-12-20	0	2.7	18.5	9
1972-12-21	0	2.5	23.5	11
1972-12-22	0	0.9	18.5	8.5
1972-12-23	0	1.9	22	10.5
1972-12-24	0	6.3	21	9
1972-12-25	0	8.1	24	11
1972-12-26	0	7.1	24	18
1972-12-27	0	3.7	23	14.5
1972-12-28	0	2.5	15.5	9.5
1972-12-29	0	2	14.5	3.5
1972-12-30	0	4.5	17.5	5
1972-12-31	0	3	17	4
1973-01-01	0	3.5	16	5
1973-01-02	1	2	17	3
1973-01-03	4.2	3.5	17	6.5
1973-01-04	4.2	1	12.5	6.5
1973-01-05	0	4	14.5	2
1973-01-06	0	2	14	4
1973-01-07	0	2	14.5	6
1973-01-08	0	1.6	14.5	6.5
1973-01-09	8.2	4.8	14.5	8.5
1973-01-10	0	1.8	16.5	9.5
1973-01-11	0	1.9	16.5	7
1973-01-12	0	1.9	16.5	6.5
1973-01-13	0	2.2	19	10.5
1973-01-14	0	2.7	16	13
1973-01-15	0	0.9	16.5	9
1973-01-16	11.9	1.4	17	10
1973-01-17	10.3	2.1	16.5	11.5
1973-01-18	0.4	2.9	16	7
1973-01-19	0	4.2	14.5	8.5
1973-01-20	0	2.3	13.5	2.5
1973-01-21	1.2	1.3	14	4.5
1973-01-22	0	2.6	15.5	5
1973-01-23	0	4.2	18	2.5
1973-01-24	0	2.8	19	5.5
1973-01-25	0.3	2.6	16	5
1973-01-26	0	6.9	15	8
1973-01-27	0	6.1	21	4.5
1973-01-28	0	6.7	23	11
1973-01-29	0	1.1	17.5	6
1973-01-30	9.1	1	14.5	5.5
1973-01-31	0	1.8	15.5	9
1973-02-01	0	7	20.5	7
1973-02-02	0	3.4	19.5	9.5
1973-02-03	0.6	2.1	18.5	11
1973-02-04	0	2.5	16.5	8.5
1973-02-05	7.3	1.1	17	7
1973-02-06	3.6	0.5	17	12
1973-02-07	0	1.2	17.5	11
1973-02-08	0	2	15.5	8
1973-02-09	0	2.5	16	7.5
1973-02-10	10	1.6	15	8.5
1973-02-11	8.5	3.8	16	10.5
1973-02-12	8.6	2.7	15.5	10.5
1973-02-13	0	2.6	16	12
1973-02-14	0	2.2	16	7
1973-02-15	0	1.9	15	9.5
1973-02-16	0	2.5	16.5	6
1973-02-17	0	2.5	16	6
1973-02-18	0	2.5	17.5	7
1973-02-19	0	4.4	21	6
1973-02-20	0	5.9	22.5	10.5
1973-02-21	1.5	2.8	20.5	14
1973-02-22	0	2.5	17.5	9.5
1973-02-23	0	1.6	17	9
1973-02-24	0	2.2	18	7
1973-02-25	0	3.2	19	8
1973-02-26	0	2.5	16	7
1973-02-27	6.2	0.9	18	8
1973-02-28	0	2.7	17.5	12
1973-03-01	0	3	17	9.5
1973-03-02	0	2.7	17	12
1973-03-03	1.5	4.7	17	7.5
1973-03-04	5	3.6	15	11
1973-03-05	0.3	1.1	15.5	11
1973-03-06	7	1.3	16	11.5
1973-03-07	0	4.1	16	12
1973-03-08	7.3	0.3	14	12
1973-03-09	0	2.4	15.5	6.5
1973-03-10	0	1.8	17	9.5
1973-03-11	27	2.6	12	10
1973-03-12	0	2.1	15	7.5
1973-03-13	1.5	3.3	15	7
1973-03-14	0	3.5	15.5	5
1973-03-15	0	2.8	17	5.5
1973-03-16	0	3.9	17	7
1973-03-17	0	3.7	16	8
1973-03-18	0	4.1	16.5	10
1973-03-19	1	5	17	7.5
1973-03-20	8	2	15	10.5
1973-03-21	4	2.8	15.5	10
1973-03-22	0	4	14.5	9
1973-03-23	0	2.5	16	5.5
1973-03-24	0	3.2	17	7
1973-03-25	0.6	2.7	16	9
1973-03-26	2.5	2.6	15.5	2.5
1973-03-27	0.3	2.5	15.5	11
1973-03-28	0	2.1	15	12
1973-03-29	0	3	16.5	5
1973-03-30	0	3.8	16.5	6
1973-03-31	0	4.2	17	9
1973-04-01	0	3.5	16	10
1973-04-02	0	2.9	16.5	5
1973-04-03	0	3.6	19	5.5
1973-04-04	0	7.2	24.5	9
1973-04-05	0	9.3	21.5	9.5
1973-04-06	0	0.2	17.5	7
1973-04-07	0	5.4	20	10.5
1973-04-08	0	8.8	26	9.5
1973-04-09	0	3.1	22.5	8.5
1973-04-10	0	2.5	18	7.5
1973-04-11	0	3.7	16.5	10
1973-04-12	0	3.7	16	10.5
1973-04-13	0	0.7	17	12.5
1973-04-14	0	3.1	17	11.5
1973-04-15	0	3.4	16	7.5
1973-04-16	0	3.9	17.5	10
1973-04-17	0	3.5	17.5	11.5
1973-04-18	0	4.2	17.5	12.5
1973-04-19	0	4.4	17.5	9
1973-04-20	1	0.7	18	8
1973-04-21	0	5	18	8
1973-04-22	0	6	19	9
1973-04-23	0	4.3	18.5	8
1973-04-24	0	5.1	16.5	13
1973-04-25	0	4.1	17.5	9
1973-04-26	0	2.7	17	12.5
1973-04-27	0	2.3	18	13
1973-04-28	0	2.5	15	13
1973-04-29	1.9	2.6	16	12
1973-04-30	0	3.7	16	11
1973-05-01	0	4.8	17.5	9.5
1973-05-02	0	5.4	20	9
1973-05-03	0	4.4	18.5	7.5
1973-05-04	0	4.2	17.5	12
1973-05-05	0	4.2	17.5	12
1973-05-06	0	3.6	17	12
1973-05-07	0	4.4	18	10
1973-05-08	0	2.5	16.5	11.5
1973-05-09	0	2.5	15	12
1973-05-10	0	2.5	16.5	13
1973-05-11	0	1.7	16	12.5
1973-05-12	0	3.7	18.5	13.5
1973-05-13	0	0.8	15	8.5
1973-05-14	0	2.4	16.5	13.5
1973-05-15	0	4.3	19.5	14
1973-05-16	0	3	18.5	9
1973-05-17	0	5.2	18.5	14
1973-05-18	0	3	17.5	14
1973-05-19	0	2.1	17	14
1973-05-20	0	4.1	17.5	13.5
1973-05-21	0	4.6	19	14
1973-05-22	0	3.5	17.5	12
1973-05-23	0	4.5	18	12
1973-05-24	0	5	18.5	13.5
1973-05-25	0	2	18	14.5
1973-05-26	0	2	19.5	14
1973-05-27	0	9.4	20.5	11.5
1973-05-28	0	4.6	22.5	13
1973-05-29	0	5	20	14
1973-05-30	1	0.2	16.5	15.5
1973-05-31	0	3.2	19.5	15.5
1973-06-01	0	2.4	18.5	16
1973-06-02	0	3.2	20	14.5
1973-06-03	0	2.8	19	13
1973-06-04	0	7.8	20.5	15
1973-06-05	0	6.6	20	13.5
1973-06-06	0	4	19.5	14
1973-06-07	0	1.7	18	14.5
1973-06-08	0	5.1	18	12
1973-06-09	0	3.2	19	13
1973-06-10	0	4.2	20	15
1973-06-11	0	5.2	19	14.5
1973-06-12	0	3.2	19.5	16.5
1973-06-13	0	2.8	18.5	14.5
1973-06-14	0	6.4	19.5	15
1973-06-15	0	5.7	19.5	11.5
1973-06-16	0	6.5	18.5	12
1973-06-17	0	6.5	19.5	13.5
1973-06-18	0	3.3	20	12.5
1973-06-19	0	4.7	22	12.5
1973-06-20	0	8.8	25.5	14.5
1973-06-21	0	5.4	25	13.5
1973-06-22	0	6.3	21	16
1973-06-23	0	5	22	15
1973-06-24	0	3.5	20.5	16
1973-06-25	0	3.5	20	15.5
1973-06-26	0	3.2	20.5	13.5
1973-06-27	0	5	21	16.5
1973-06-28	0	4.5	20.5	17
1973-06-29	0	2.9	19	17
1973-06-30	0	4.4	20.5	15.5
1973-07-01	0	4.2	21.5	16.5
1973-07-02	0	5.3	21.5	16
1973-07-03	0	4.3	21.5	15.5
1973-07-04	0	3.8	21	16
1973-07-05	0	4.6	21.5	16.5
1973-07-06	0	0.9	20.5	16.5
1973-07-07	0	2.6	20.5	16
1973-07-08	0	4.6	21	16.5
1973-07-09	0	1.2	19.5	14
1973-07-10	0	1.7	19	17
1973-07-11	0	3.5	20.5	15.5
1973-07-12	0	2.1	21.5	15.5
1973-07-13	0	3.1	19.5	16
1973-07-14	0	7.9	22.5	16
1973-07-15	0	5.1	21.5	17
1973-07-16	0	6.2	21	17.5
1973-07-17	0	6.2	21	17.5
1973-07-18	0	5.9	21	17
1973-07-19	0	5.3	21	16.5
1973-07-20	0	6	21	17
1973-07-21	0	6.2	20.5	15
1973-07-22	0	4.9	21	17
1973-07-23	0	5.3	21	15
1973-07-24	0	4	20	15.5
1973-07-25	0	3.1	20.5	14
1973-07-26	0	5.5	20.5	15
1973-07-27	0	6.6	22	15.5
1973-07-28	0	4.6	22.5	15.5
1973-07-29	0	5	22	18
1973-07-30	0	4	21	17
1973-07-31	0	4.3	21.5	16
1973-08-01	1.2	3.6	21.5	17.5
1973-08-02	0	3.5	22	17.5
1973-08-03	0	4	22	18
1973-08-04	0	4.5	21.5	17.5
1973-08-05	0	4.1	21.5	17.5
1973-08-06	0	5.6	22	17
1973-08-07	0	5.9	21	17.5
1973-08-08	0	5.7	21	17
1973-08-09	0	5.1	21	17
1973-08-10	0	3.9	21.5	16
1973-08-11	0	3.5	20.5	16.5
1973-08-12	0.5	4.4	21.5	16
1973-08-13	0	4.8	21.5	17.5
1973-08-14	0	1.5	21.5	17
1973-08-15	0	1.2	21.5	17.5
1973-08-16	0	1.9	21.5	17.5
1973-08-17	0	3.9	22	17.5
1973-08-18	0	6.7	23.5	17
1973-08-19	0	3.8	24	18
1973-08-20	0	4.1	23.5	19.5
1973-08-21	0	3.5	23	19
1973-08-22	0	6.9	23.5	18.5
1973-08-23	0	4.8	21.5	15
1973-08-24	0	6.2	21	14
1973-08-25	0	5.7	21	17
1973-08-26	0	6.3	22	13
1973-08-27	0	5.9	22	14
1973-08-28	0	5.8	21.5	17
1973-08-29	0	3.7	22.5	17.5
1973-08-30	0	4.4	20.5	17.5
1973-08-31	0	4.4	21	16.5
1973-09-01	0	3.6	20.5	13.5
1973-09-02	0	5.2	20.5	15
1973-09-03	0	5.8	21.5	16
1973-09-04	0	2.4	18.5	15.5
1973-09-05	0	3.6	21.5	17
1973-09-06	0	4.7	20.5	16.5
1973-09-07	0	2.4	19.5	14.5
1973-09-08	0	3.2	20.5	15.5
1973-09-09	0	3.1	20.5	16.5
1973-09-10	0	2.6	19.5	17
1973-09-11	0	3	21	17.5
1973-09-12	0	2.2	20.5	17.5
1973-09-13	0	2.2	20.5	16.5
1973-09-14	0	4.2	21	16.5
1973-09-15	0	4.4	20.5	17
1973-09-16	0	4.6	21.5	15
1973-09-17	0	4.1	20.5	14
1973-09-18	0	3	20	12
1973-09-19	0	4.6	19.5	14
1973-09-20	0	1.5	19.5	16
1973-09-21	0	3.2	19	14.5
1973-09-22	0	1.9	18.5	15.5
1973-09-23	0	2.4	20	16.5
1973-09-24	0	2.8	20	12.5
1973-09-25	0	3.6	20.5	14
1973-09-26	0	2.4	35	12
1973-09-27	0	2.8	36.5	17.5
1973-09-28	0	6.2	27	19
1973-09-29	0	3	20.5	13
1973-09-30	0	4	19	13
1973-10-01	0	4	19.5	15.5
1973-10-02	0	3.4	19.5	14.5
1973-10-03	0	3.3	19	13
1973-10-04	0	3.1	19.5	11
1973-10-05	0	1.7	18.5	12.5
1973-10-06	0	1.7	19	13.5
1973-10-07	0	3.2	19.5	14
1973-10-08	0	1.3	18.5	11.5
1973-10-09	0	3.9	19.5	15.5
1973-10-10	0	3.4	19.5	10.5
1973-10-11	0	11.8	19.5	11
1973-10-12	0	5.9	19.5	9.5
1973-10-13	0	1.8	22.5	10.5
1973-10-14	0	2.5	18.5	8
1973-10-15	0	1.5	18	11
1973-10-16	0	0.7	17.5	9.5
1973-10-17	0	2.7	21.5	9.5
1973-10-18	0	3.9	22	11.5
1973-10-19	0	3.2	21.5	12
1973-10-20	0	3	19	13
1973-10-21	0	2.4	18.5	13
1973-10-22	0	2.4	20	14
1973-10-23	0	5	20	14.5
1973-10-24	0	2.9	18	10.5
1973-10-25	0	1.2	20	10
1973-10-26	0	4.7	19	11.5
1973-10-27	0	3.8	26	10.5
1973-10-28	0	6.9	28	13.5
1973-10-29	0	4.2	25	11
1973-10-30	0	10.6	32.5	10.5
1973-10-31	0	3.5	21	11
1973-11-01	0	4.6	20	11.5
1973-11-02	0	2.8	18.5	16
1973-11-03	0	2.3	18.5	10.5
1973-11-04	0	2.9	18	10
1973-11-05	0	2.6	18	7.5
1973-11-06	0	4.2	18.5	7.5
1973-11-07	0	2	18.5	9
1973-11-08	0	2.7	18	12.5
1973-11-09	0	2.3	17	14.5
1973-11-10	0	1.8	19.5	11
1973-11-11	0	2.4	22	11
1973-11-12	0	2.3	19	12.5
1973-11-13	0	1.8	17	11
1973-11-14	0	2.1	18	9.5
1973-11-15	0	1.9	17	7.5
1973-11-16	0	1.6	17	8.5
1973-11-17	8	1.4	17	12
1973-11-18	7	0.9	14	13
1973-11-19	0	1.9	14.5	9
1973-11-20	0	1.6	15	7
1973-11-21	0	1.9	15.5	9
1973-11-22	21.7	3.5	15.5	9.5
1973-11-23	0	2.2	14	9.5
1973-11-24	1.5	1.2	15	6.5
1973-11-25	2.1	1.1	14.5	6.5
1973-11-26	0	2	15.5	7
1973-11-27	0	4.8	22	8
1973-11-28	0	5.2	26	12
1973-11-29	0	1	17	8
1973-11-30	0	2.3	16	7
1973-12-01	4	1.7	17	6.5
1973-12-02	0	1.8	15.5	6
1973-12-03	0	2.9	15	3.5
1973-12-04	0	0.3	15	5
1973-12-05	0	2.4	15	5
1973-12-06	0	1.5	17.5	8.5
1973-12-07	0	1.4	18.5	8.5
1973-12-08	0	1.5	20	7
1973-12-09	0	7.8	28.5	8
1973-12-10	0	2.8	21	14.5
1973-12-11	0	1.7	15	8
1973-12-12	0	1.9	14	7.5
1973-12-13	0	0.5	14.5	10
1973-12-14	0	1.7	16	9
1973-12-15	0	0.9	15.5	7
1973-12-16	0	1.6	15	7
1973-12-17	0	1.1	14.5	6
1973-12-18	0	1	15.5	9
1973-12-19	0	7.2	24.5	6.5
1973-12-20	0	5.9	24	11.5
1973-12-21	3	0.7	17	7
1973-12-22	0	0.4	14.5	8
1973-12-23	0	0.7	14.5	7
1973-12-24	0	1.8	19	7
1973-12-25	0	1.6	17	4.5
1973-12-26	0	1.4	14.5	6.5
1973-12-27	1.8	1.3	14.5	7.5
1973-12-28	0	1.1	15	12
1973-12-29	0.7	1.2	15	10
1973-12-30	0	1	15	11
1973-12-31	0	0.4	15	7
1974-01-01	0.5	1	12.5	11
1974-01-02	0.6	3.1	13	5
1974-01-03	0.2	1.2	13	6
1974-01-04	20.2	3.5	13.5	9
1974-01-05	1.4	0.9	14	10.5
1974-01-06	2.5	0.5	13	8
1974-01-07	29.5	0.4	12.5	10.5
1974-01-08	0	0.3	14	10.5
1974-01-09	1.4	1.5	14.5	9.5
1974-01-10	0	1.9	13.5	10
1974-01-11	0	1.3	14	6
1974-01-12	0	1.7	15	7
1974-01-13	0	1.6	15	11
1974-01-14	0	1.2	17	8
1974-01-15	0	1.2	16.5	12
1974-01-16	0	1.5	16.5	8
1974-01-17	0	0.7	16.5	9
1974-01-18	0	2.2	16	13.5
1974-01-19	0	1.4	15.5	10.5
1974-01-20	0	1	14	11
1974-01-21	0	2.7	14	11
1974-01-22	0	4.2	16.5	9
1974-01-23	0	2.5	16.5	8.5
1974-01-24	0	5.9	22	7.5
1974-01-25	0	2	17.5	8.5
1974-01-26	0	1.9	14.5	8.5
1974-01-27	0	2.4	14	6
1974-01-28	0	1.7	14.5	4
1974-01-29	0	1.6	14	4
1974-01-30	0	1.4	13.5	5
1974-01-31	0	1.4	13	3.5
1974-02-01	0	2.8	14	4.5
1974-02-02	0	5.5	19	6
1974-02-03	0	2.8	23.5	6
1974-02-04	0	5.5	23	9
1974-02-05	0	0.6	15	4.5
1974-02-06	0	3.5	18.5	4.5
1974-02-07	0	4.3	15.5	4
1974-02-08	0	9.3	18.5	5
1974-02-09	0	9.1	24.5	12.5
1974-02-10	0	0.9	16.5	6
1974-02-11	0	1.2	15.5	7.5
1974-02-12	0	3.3	15.5	7.5
1974-02-13	0	2.6	14	10.5
1974-02-14	0	1.7	13.5	5
1974-02-15	0	2.4	15.5	5.5
1974-02-16	1.5	1	15	6
1974-02-17	0	2.5	14	9
1974-02-18	0	3.1	14.5	6
1974-02-19	0	1.4	14.5	6
1974-02-20	0	5	15.5	5.5
1974-02-21	0	4.8	20.5	7
1974-02-22	0	3.5	15	5
1974-02-23	0	12.7	27	6
1974-02-24	0	15.1	26.5	12
1974-02-25	0	6	25.5	16.5
1974-02-26	0	2	17	5
1974-02-27	0	3.3	15	5
1974-02-28	0	1.5	21.5	5
1974-04-01	1.2	3.3	17	7.5
1974-04-02	0	4.4	14	10
1974-04-03	0	4.1	17	10.5
1974-04-04	0	9.9	27	7
1974-04-05	0	5.1	23	12
1974-04-06	0	2.7	18	9
1974-04-07	0	4.8	18	8
1974-04-08	0	2.2	17.5	10.5
1974-04-09	0	3.1	16	10.5
1974-04-10	0	4.4	16	9.5
1974-04-11	0	4.1	16	5.5
1974-04-12	0	4	17	6
1974-04-13	0	3.7	17	9.5
1974-04-14	0	4.1	17.5	6.5
1974-04-15	0	3.7	17	7
1974-04-16	0	4.9	18.5	8
1974-04-17	0	4	17	10.5
1974-04-18	0	4.6	17.5	13
1974-04-19	0	4.8	16.5	11.5
1974-04-20	0	4.1	17.5	9.5
1974-04-21	0	4.9	18	9
1974-04-22	0	4.7	17.5	11
1974-04-23	0	3.9	17	13
1974-04-24	0	5.5	19	9
1974-04-25	0	4.5	17	7.5
1974-04-26	0	5.2	18	7.5
1974-04-27	0	4.7	18.5	8
1974-04-28	0	4.6	18.5	7.5
1974-04-29	0	4.4	18	12.5
1974-04-30	0	3.7	19.5	7.5
1974-05-01	0	3.3	17.5	14
1974-05-02	0	3.8	16.5	13
1974-05-03	0	4.8	17	13
1974-05-04	0	1.9	17	13.5
1974-05-05	0	1.6	16	12
1974-05-06	0	4.5	18	13
1974-05-07	0	3.3	18.5	14.5
1974-05-08	0	0.8	18	15
1974-05-09	0	2.8	17.5	14.5
1974-05-10	0	2.3	18	14
1974-05-11	0	3.8	20	14
1974-05-12	0	3	18	12
1974-05-13	0	4.4	17.5	14
1974-05-14	0	2.4	17	13.5
1974-05-15	0	4.7	18	14
1974-05-16	0	4.2	16.5	14
1974-05-17	0	5.7	18.5	13
1974-05-18	0	6.4	19	13
1974-05-19	0	6.3	18	12
1974-05-20	0	6	19.5	7.5
1974-05-21	0	4.5	19	10.5
1974-05-22	0	5.8	19	9
1974-05-23	0	5.2	18.5	10.5
1974-05-24	0	4.5	19	12
1974-05-25	0	3	18	12.5
1974-05-26	0	3.5	17.5	12.5
1974-05-27	0	3.1	18	14
1974-05-28	0	4.6	19	14.5
1974-05-29	0	6.2	18.5	14.5
1974-05-30	0	4.6	17.5	14.5
1974-05-31	0	4.3	18.5	14.5
1974-06-01	0	5	17	15
1974-06-02	0	5	17.5	16
1974-06-03	0	5.1	18.5	15
1974-06-04	0	3.1	18	15.5
1974-06-05	0	2.5	17	14.5
1974-06-06	0	2	17.5	15
1974-06-07	1.2	3.4	19	15
1974-06-08	0	3.3	20	15.5
1974-06-09	0	5.2	20.5	11
1974-06-10	0	4.6	20.5	16
1974-06-11	0	2.9	19	16
1974-06-12	0	3	18.5	15.5
1974-06-13	0	3.9	20.5	15.5
1974-06-14	0	6.2	20.5	15.5
1974-06-15	0	6.3	22	11.5
1974-06-16	0	5	20.5	15
1974-06-17	0	6.4	20.5	14
1974-06-18	0	4.6	20.5	12
1974-06-19	0	7.3	20.5	12
1974-06-20	0	7.2	21	12.5
1974-06-21	0	5.7	20.5	13.5
1974-06-22	0	4.8	18.5	13.5
1974-06-23	0	3.7	19	14
1974-06-24	0	4.1	21	13.5
1974-06-25	0	5.3	22	14.5
1974-06-26	0	4.7	23	14
1974-06-27	0	7.2	21	13.5
1974-06-28	0	5	23.5	13
1974-06-29	0	6.1	22	14.5
1974-06-30	0	5.3	21.5	16
1974-07-01	0	6.7	21	16
1974-07-02	0	6.2	21.5	16
1974-07-03	0	6	22	13
1974-07-04	0	5.7	21.5	16
1974-07-05	0	6.9	21	15.5
1974-07-06	0	4.8	21	15.5
1974-07-07	0	5.8	20	15
1974-07-08	0	5.5	21	13
1974-07-09	0	6.6	22.5	12.5
1974-07-10	0	5.7	22	17
1974-07-11	0	5.4	21	14
1974-07-12	0	5.3	22	13
1974-07-13	0	4	22.5	16
1974-07-14	0	2.6	22.5	17
1974-07-15	0	4.6	23	18
1974-07-16	0	5.3	24	16
1974-07-17	0	6	24	17.5
1974-07-18	0	3.6	23	16
1974-07-19	0	6.3	26	18.5
1974-07-20	0	4.1	26.5	20.5
1974-07-21	0	8.1	25.5	19
1974-07-22	0	5.5	23.5	19
1974-07-23	0	8.4	25	18
1974-07-24	0	4.1	25	18.5
1974-07-25	0	8	26	18
1974-07-26	0	7.3	24	19.5
1974-07-27	0	6.2	23	18.5
1974-07-28	0	3.7	24	18
1974-07-29	1.3	3	23	17
1974-07-30	0	4.3	23	18
1974-07-31	0	4.5	24	16.5
1974-08-01	0	0.8	21.5	19
1974-08-02	0	4.5	23	18.5
1974-08-03	0	5	24	19
1974-08-04	0	4.4	24	19
1974-08-05	0	6	23.5	19
1974-08-06	0	5.7	23.5	18.5
1974-08-07	0	4	23	18
1974-08-08	0	3.8	22	17.5
1974-08-09	0	8.4	22.5	18
1974-08-10	0	5	23	17.5
1974-08-11	0	4.2	23.5	18.5
1974-08-12	0	6	23.5	18.5
1974-08-13	0	6	23.5	18.5
1974-08-14	0	6	22.5	18.5
1974-08-15	0	5.5	23	15.5
1974-08-16	0	5.8	22.5	14.5
1974-08-17	0	4.9	22.5	13.5
1974-08-18	0	5.5	21.5	14.5
1974-08-19	0	7.5	22.5	17
1974-08-20	0	3.2	22	18
1974-08-21	0	2.6	22.5	16.5
1974-08-22	0	4.7	22.5	17
1974-08-23	0	4.3	22.5	17.5
1974-08-24	0	4.4	21.5	17.5
1974-08-25	0	4.6	22.5	16
1974-08-26	0	4	22	17
1974-08-27	0	4.5	22	16
1974-08-28	0	5	21.5	16
1974-08-29	0	5	21.5	16
1974-08-30	0	4.8	22	15
1974-08-31	0	2.7	22	15.5
1974-09-01	0	6.3	22.5	14.5
1974-09-02	0	4.5	24.5	15.5
1974-09-03	0	4.6	23.5	11
1974-09-04	0	4	23	17
1974-09-05	0	4.3	23.5	17.5
1974-09-06	0	4.4	24.5	18
1974-09-07	0	4.4	24.5	16.5
1974-09-08	0	5.4	23.5	17.5
1974-09-09	0	3.2	23	16.5
1974-09-10	0	3.6	23	17.5
1974-09-11	0	3.5	22	17.5
1974-09-12	0	3.8	22	17.5
1974-09-13	0	5.4	23	14.5
1974-09-14	0	4.6	23	15
1974-09-15	0	4.5	22	16
1974-09-16	0	4.4	22	15.5
1974-09-17	0	4.2	21.5	17
1974-09-18	0	3.4	21.5	16.5
1974-09-19	0	3.8	22.5	16.5
1974-09-20	0	3.2	21.5	17
1974-09-21	0	3	20.5	14.5
1974-09-22	0	1.7	21.5	15
1974-09-23	0	2.1	21.5	16.5
1974-09-24	0	2.1	20.5	16.5
1974-09-25	0	2.7	22	17.5
1974-09-26	0	1.9	19.5	17
1974-09-27	0	1.9	20	16.5
1974-09-28	0	4.4	21	12.5
1974-09-29	0	2.4	22	13
1974-09-30	0	2.5	21	16
1974-10-01	0	2.2	21	16.5
1974-10-02	0	3.7	22	17
1974-10-03	0	3.6	22	13
1974-10-04	0	2.3	19.5	16
1974-10-05	0	3.5	21	14
1974-10-06	0	3.9	21.5	12.5
1974-10-07	0	2.5	20.5	14
1974-10-08	0	1.6	21	15.5
1974-10-09	0	4.1	21.5	14.5
1974-10-10	0	3.3	21.5	14
1974-10-11	0	3.6	21	14
1974-10-12	0	4.5	20.5	13.5
1974-10-13	0	2.8	21.5	13.5
1974-10-14	0	3.9	21	12
1974-10-15	0	13.9	38	11.5
1974-10-16	0	6.8	33.5	18
1974-10-17	0	2.8	24.5	14
1974-10-18	0	2.6	20.5	12.5
1974-10-19	0	2.5	20.5	12
1974-10-20	0	1.2	19	13
1974-10-21	0	3.4	20	15.5
1974-10-22	0	1.9	19.5	10.5
1974-10-23	0	2.8	20.5	13
1974-10-24	0	3.1	21	12
1974-10-25	0	2.7	20.5	12
1974-10-26	4	1.5	20	13.5
1974-10-27	1.3	3	20.5	13
1974-10-28	9	2.2	17.5	14.5
1974-10-29	8.3	1.5	17	12
1974-10-30	0	2.3	18.5	11
1974-10-31	1.5	2.2	18.5	10
1974-11-01	0	2.8	18	13.5
1974-11-02	3.5	3.8	18	10
1974-11-03	0	0.2	18	9
1974-11-04	0	2.9	18	9
1974-11-05	0	3.4	18	10.5
1974-11-06	0	3.5	20.5	9
1974-11-07	0	1.9	22.5	9.5
1974-11-08	0	2.6	18.5	8.5
1974-11-09	0	2.7	18	8.5
1974-11-10	0	5.9	27	11
1974-11-11	0	14.5	32	13.5
1974-11-12	0	6.8	32	17.5
1974-11-13	0	2.2	22.5	12
1974-11-14	0	1.2	18	11
1974-11-15	0	2.4	18	10
1974-11-16	0	2	18	14
1974-11-17	0	1.3	18.5	15
1974-11-18	0	2.1	19	11.5
1974-11-19	0	1.6	18.5	10.5
1974-11-20	0	1.1	19	9.5
1974-11-21	1.6	0.7	17	11.5
1974-11-22	0	2	18	12
1974-11-23	0	5.3	25	7
1974-11-24	0	7	28	10
1974-11-25	0	1.8	20	9.5
1974-11-26	0	1.3	19	5.5
1974-11-27	0	1.2	16	7
1974-11-28	0	1.8	16.5	9.5
1974-11-29	0	3	24	5.5
1974-11-30	0	2.5	18.5	8.5
1974-12-01	0	2.2	18	5
1974-12-02	0	1.8	16.5	7
1974-12-03	9.8	1.1	17.5	8.5
1974-12-04	8.6	1.7	16.5	11
1974-12-05	0	0.8	17	9
1974-12-06	0	3.3	17.5	8.5
1974-12-07	0	3.4	19	7.5
1974-12-08	0	7.7	21.5	10
1974-12-09	0	3.7	21	8
1974-12-10	0	2.9	18	5
1974-12-11	0	0.1	15.5	5
1974-12-12	0	1.4	16	5
1974-12-13	0	3.2	18	6.5
1974-12-14	0	1.3	22	10.5
1974-12-15	0	4	21	7
1974-12-16	0	3.2	28	10
1974-12-17	0	0.3	19	10.5
1974-12-18	0	1.7	14.5	7
1974-12-19	0	2.3	16	5
1974-12-20	0	1.5	17	5.5
1974-12-21	0	1.7	16	4.5
1974-12-22	0	3.5	17	7
1974-12-23	0	5.4	12	3
1974-12-24	0	8.3	14.5	4
1974-12-25	0	3.8	13.5	2
1974-12-26	0	2.9	14.5	3
1974-12-27	6.6	1.9	16	4
1974-12-28	12.1	2.5	14	7
1974-12-29	0.5	3.6	15.5	8
1974-12-30	5.5	4.3	14	5.5
1974-12-31	0	2.3	14.5	6
1975-05-01	0	2.7	18.5	13
1975-05-02	0	5.3	18	9.5
1975-05-03	0	4.2	17	13
1975-05-04	0	1.2	17	9.5
1975-05-05	0.4	5.5	16.5	9.5
1975-05-06	0	4	18.5	6
1975-05-07	0	4.3	18.5	6.5
1975-05-08	0	4.6	18.5	11.5
1975-05-09	0	4	18.5	11.5
1975-05-10	0	3.3	17	11
1975-05-11	0	5.2	18.5	10
1975-05-12	0	3	17.5	11.5
1975-05-13	0	3.1	18.5	12
1975-05-14	0	3.9	18	12.5
1975-05-15	0	3.2	16.5	13
1975-05-16	0	2.6	17	12
1975-05-17	0	3	19	13
1975-05-18	0.1	3	19.5	14
1975-05-19	0.1	1.5	15.5	13.5
1975-05-20	0.2	3.8	16.5	12
1975-05-21	0	4.9	18.5	10
1975-05-22	0	4.3	18	8
1975-05-23	0	5.2	18	11
1975-05-24	0	3.1	18	12.5
1975-05-25	0	5.8	18.5	11
1975-05-26	0	4.3	19	13.5
1975-05-27	0	2.8	18	13
1975-05-28	0	4.4	19.5	13.5
1975-05-29	0	3.8	19.5	13.5
1975-05-30	0	3.8	19.5	14
1975-05-31	0	4.1	19	14
1975-06-01	0	7.1	19	14.5
1975-06-02	0	4.8	19.5	14
1975-06-03	0	4.4	19.5	14
1975-06-04	0	2.5	19.5	14
1975-06-05	0	5.3	20	14
1975-06-06	0	2	20.5	14.5
1975-06-07	0	2.2	19.5	14.5
1975-06-08	0	6.5	19	14
1975-06-09	0	4	19	14
1975-06-10	0	4.5	20	15.5
1975-06-11	0	5	20	15.5
1975-06-12	0	1.6	17	15
1975-06-13	0	3.4	19.5	15
1975-06-14	0	5	20	14.5
1975-06-15	0.1	5.1	20	14.5
1975-06-16	0.2	2.8	18	14.5
1975-06-17	0.2	1.8	18	14
1975-06-18	0.3	3.5	19	13
1975-06-19	0	5.3	19	13.5
1975-06-20	0	4.1	19.5	11
1975-06-21	0	5.2	20.5	12
1975-06-22	0	2.9	18.5	14
1975-06-23	0	2.4	18.5	14
1975-06-24	0	5.5	19.5	14
1975-06-25	0	5.4	20.5	9.5
1975-06-26	0	3.7	21	10.5
1975-06-27	0	3	20	12.5
1975-06-28	0	3.9	20.5	11
1975-06-29	0	5.9	20.5	11
1975-06-30	0	4.8	21	11
1975-07-01	0	5.1	21	11.5
1975-07-02	0	5.6	20.5	13
1975-07-03	0	4.5	19.5	15
1975-07-04	0	4.2	20.5	12
1975-07-05	0	8.7	21	13
1975-07-06	0	5.3	21	15
1975-07-07	0	4.4	21	15
1975-07-08	0	1.5	20	15
1975-07-09	0	4.6	21.5	14.5
1975-07-10	0	2.6	21	15.5
1975-07-11	0	4.2	23.5	15
1975-07-12	0	3.5	24	15.5
1975-07-13	0	2.5	21	14.5
1975-07-14	0	4	21	15.5
1975-07-15	0	2.9	21.5	16
1975-07-16	0	6.2	21.5	16
1975-07-17	0	3.9	22	16
1975-07-18	0	2.4	20.5	16
1975-07-19	0	4.9	22	16.5
1975-07-20	0	3.7	21.5	16
1975-07-21	0	4.2	21.5	16
1975-07-22	0	1.7	20	16
1975-07-23	0	2.1	21	16
1975-07-24	0	4	21	15.5
1975-07-25	0	4.2	21.5	15.5
1975-07-26	0.1	3	22	16.5
1975-07-27	0	4	23	17.5
1975-07-28	0	3.7	23.5	17.5
1975-07-29	0	4.2	23	18.5
1975-07-30	0	6.4	23	18.5
1975-07-31	0	4.3	23.5	17.5
1975-08-01	0	5.8	22	17
1975-08-02	0	4.3	22.5	17
1975-08-03	0	2.5	22.5	17
1975-08-04	0	4	22.5	16
1975-08-05	0	4	22.5	17.5
1975-08-06	0	4	22	17.5
1975-08-07	0.1	4.6	23	17
1975-08-08	0	1.5	22	16
1975-08-09	0	1.5	20.5	17.5
1975-08-10	0	3.3	22.5	16.5
1975-08-11	0	2.8	21.5	16.5
1975-08-12	0	4.7	22	17
1975-08-13	0	5.1	22	17
1975-08-14	0	5.4	23	16.5
1975-08-15	0	4.7	22	17
1975-08-16	0	5.1	22	15
1975-08-17	0	5.5	22.5	14.5
1975-08-18	0	4.2	22	14
1975-08-19	0	5.1	23	17
1975-08-20	0	4.2	23	18
1975-08-21	0	4.8	23	17.5
1975-08-22	0	4.6	22	17
1975-08-23	0	4	20.5	13
1975-08-24	0.2	3.3	20.5	15
1975-08-25	0	5.6	20.5	12
1975-08-26	0.1	2	21	14
1975-08-27	0	5.6	20.5	14
1975-08-28	0.1	1.8	21.5	12
1975-08-29	0	3.5	21.5	11
1975-08-30	0	3.2	22	14
1975-08-31	0	3.8	22	13
1975-09-01	0	1.4	21	13
1975-09-02	0	3.2	21.5	14
1975-09-03	0	4.3	21.5	16.5
1975-09-04	0	2.5	22.5	17
1975-09-05	0	3.3	22	16
1975-09-06	0	3.2	22	15.5
1975-09-07	0.5	2	22	15.5
1975-09-08	0	1.4	20.5	17
1975-09-09	0	2.6	20.5	17
1975-09-10	0	3.9	22	17
1975-09-11	0	2.8	23	17
1975-09-12	0	2	21	17.5
1975-09-13	0	3.1	23.5	17
1975-09-14	0	3.1	23.5	16
1975-09-15	0	3.1	23.5	16
1975-09-16	0	3.1	24	16
1975-09-17	0	4.3	25	16.5
1975-09-18	0	3.1	25	17.5
1975-09-19	0	3.5	23	15
1975-09-20	0	3.1	23.5	16
1975-09-21	0	3.1	23.5	16
1975-09-22	0	3.1	29.5	15
1975-09-23	0	5.6	30	15.5
1975-09-24	0	2	30	21.5
1975-09-25	0	5	28.5	16
1975-09-26	0	3.4	23.5	15
1975-09-27	0	3	21.5	11.5
1975-09-28	0	2.9	20	14.5
1975-09-29	0	3	20.5	14.5
1975-09-30	0	3	21.5	15.5
1975-10-01	0	4.3	22	15.5
1975-10-02	0	2.6	21.5	14
1975-10-03	0	2	22	15
1975-10-04	0	1.8	19.5	13.5
1975-10-05	0	2.2	19.5	14
1975-10-06	1	2.2	21	15
1975-10-07	0	2.8	20.5	16
1975-10-08	0	2.7	20.5	11
1975-10-09	0	3.2	20.5	11
1975-10-10	0	3.4	20.5	11
1975-10-11	1	3.7	21	12
1975-10-12	0	3	21	13
1975-10-13	0	2.7	20.5	10.5
1975-10-14	0	4.9	24.5	10.5
1975-10-15	0	5.6	26	12
1975-10-16	0	3.9	24.5	12.5
1975-10-17	0	1.8	19.5	8
1975-10-18	0	3.3	20	10
1975-10-19	0	2.8	20.5	14
1975-10-20	0	2.2	20.5	12
1975-10-21	0	2.6	21	12.5
1975-10-22	0	2.3	20.5	15.5
1975-10-23	0	5.9	20.5	12.5
1975-10-24	0	8.5	25.5	10
1975-10-25	0	4.3	20	13
1975-10-26	0	1.5	20.5	8
1975-10-27	0	2.7	20	10
1975-10-28	0	2.2	18.5	9
1975-10-29	0	2	19	9.5
1975-10-30	0.3	1.6	19.5	10.5
1975-10-31	0	2.5	19	12
1976-03-01	14.5	2.7	16.5	10.5
1976-03-02	12.5	2.2	15	7.5
1976-03-03	3	6.9	12	8.5
1976-03-04	0	2.3	14.5	7
1976-03-05	0	2.3	14.5	7
1976-03-06	0	2	17	5
1976-03-07	0	2.7	16	6
1976-03-08	0	1.4	15.5	5.5
1976-03-09	0	3.2	16	7
1976-03-10	0.5	1.6	15.5	6.5
1976-03-11	0	2.6	17	9.5
1976-03-12	0	3.1	17	7
1976-03-13	0	3.9	17	7
1976-03-14	0	2.5	20.5	7
1976-03-15	0	2	17	5.5
1976-03-16	0	2.5	19	7.5
1976-03-17	0	1.2	18.5	9
1976-03-18	0	2.7	17	7
1976-03-19	0	2.1	17.5	10
1976-03-20	0	3	22	8
1976-03-21	0	4	25	9
1976-03-22	0	4.8	20.5	8
1976-03-23	0	6.5	19	8
1976-03-24	0	10.3	17	12
1976-03-25	0	2.9	17.5	12.5
1976-03-26	0	3.2	19	6.5
1976-03-27	0	2.8	17	6.5
1976-03-28	0	3.6	18	9
1976-03-29	0	2.9	18.5	8.5
1976-03-30	0	7.6	25	7.5
1976-03-31	0	3.4	21	8.5
1976-04-01	0	3.7	17.5	8
1976-04-02	0	2.7	16.5	6
1976-04-03	0	2.7	17.5	10
1976-04-04	1.6	3.3	17	7
1976-04-05	0	2.7	17.5	7
1976-04-06	0	3.2	17.5	7.5
1976-04-07	0	3.3	17.5	6.5
1976-04-08	0	3.5	18.5	8.5
1976-04-09	0	2.8	18	6.5
1976-04-10	0	2.9	16.5	8.5
1976-04-11	0	1.1	18	7
1976-04-12	19	3	16	7.5
1976-04-13	1.1	3	16	10
1976-04-14	6	3.8	16.5	8.5
1976-04-15	3.5	1.5	13.1	10.5
1976-04-16	0	4.3	16	12
1976-04-17	0	2.9	16.5	5
1976-04-18	0	3	16.5	5.5
1976-04-19	0	4.1	19	7.5
1976-04-20	0	2.8	18	8.5
1976-04-21	0	3.2	17	8
1976-04-22	0	2.8	17.5	12
1976-04-23	0	2.3	17.5	12
1976-04-24	0	2.6	19	14
1976-04-25	0	2.8	18	13
1976-04-26	0	4.2	18	8
1976-04-27	0	4.3	18	11
1976-04-28	0	3.5	18.5	8.5
1976-04-29	0	4.1	24	10.5
1976-04-30	0	3.9	20	9.5
1976-05-01	0	3.2	20	11
1976-05-02	0	2.5	17.5	12
1976-05-03	0	1.8	17.5	14
1976-05-04	0	3.7	20	12
1976-05-05	1	1.9	18	14
1976-05-06	6	2.1	17	12.5
1976-05-07	0	2.4	18.5	11
1976-05-08	0	4.6	19.5	12
1976-05-09	0	3.2	19.5	14
1976-05-10	0	3.2	19	14
1976-05-11	0	2.8	19	14
1976-05-12	0	1.6	17.5	13
1976-05-13	0	2	19	13.5
1976-05-14	0	2.5	19	13.5
1976-05-15	0	2.9	20	12
1976-05-16	0	5.1	19	13
1976-05-17	0	3.5	20	13
1976-05-18	0	3.2	21	12.5
1976-05-19	0	6	20	13
1976-05-20	0	4.5	19.5	13.5
1976-05-21	0	4.5	20.5	11
1976-05-22	0	4	20	10.5
1976-05-23	0	4.9	20.5	10.5
1976-05-24	0	3.5	20	13.5
1976-05-25	0	3.3	20	14
1976-05-26	0	4.2	21	14.5
1976-05-27	0	2.1	18.5	15.5
1976-05-28	0	3.4	20	14.5
1976-05-29	0	4.6	19	14
1976-05-30	0	3.4	20	11
1976-05-31	0	4.8	21	13
1976-06-01	0	3.6	21.5	12
1976-06-02	0	2.8	21	14.5
1976-06-03	0	3.8	21	14.5
1976-06-04	0	6.1	21.5	13
1976-06-05	0	4.5	20	11
1976-06-06	0	5	20	12
1976-06-07	0	4.5	20	13
1976-06-08	0	4.8	20	11
1976-06-09	0	4.7	20	13
1976-06-10	20	3.9	21	10
1976-06-11	0	5.7	21	11
1976-06-12	0	5.1	21.5	11
1976-06-13	0	3.3	21	12
1976-06-14	0	3.8	22	14
1976-06-15	0	3.7	21.5	11.5
1976-06-16	0	4.6	21	13.5
1976-06-17	0	4.3	21	13
1976-06-18	0	6.5	23	13
1976-06-19	0	5	22.5	16
1976-06-20	0	5	22	15
1976-06-21	0	5.9	21.5	16
1976-06-22	0	5.1	22	12
1976-06-23	0	5.3	24	11.5
1976-06-24	0	3.7	22	16
1976-06-25	0	4.6	23	13.5
1976-06-26	0	3.5	26	13
1976-06-27	0	5	28.5	14
1976-06-28	0	7	25.5	15
1976-06-29	0	7	25.5	15.5
1976-06-30	0	6	24.5	13.5
1976-07-01	0	5.7	22	13.5
1976-07-02	0	5.3	22	15.5
1976-07-03	0	4.7	22	13.5
1976-07-04	0	5	23	16.5
1976-07-05	0	3	22	17
1976-07-06	0	3.8	22.5	16.5
1976-07-07	0	3.5	23	17
1976-07-08	0	2.6	23	16
1976-07-09	0	3.8	23	16
1976-07-10	0	3.3	23	17
1976-07-11	0	2.2	22	18
1976-07-12	0	2.6	23	18.5
1976-07-13	0	2.7	23.5	18.5
1976-07-14	0	2.8	22	18.5
1976-07-15	0	2.9	22.5	17.5
1976-07-16	4	6.7	22.5	18.5
1976-07-17	0	1.7	20.5	18
1976-07-18	0	3.8	23	17.5
1976-07-19	0	5.1	23	17
1976-07-20	0	2.5	21	18
1976-07-21	0	2.9	22	17
1976-07-22	2	5.3	24	17
1976-07-23	0	3.5	24	17
1976-07-24	0	4.9	23	17
1976-07-25	0	4.3	23	16
1976-07-26	0	1.6	23	17
1976-07-27	0	2.4	24	18
1976-07-28	0	3.2	23	18
1976-07-29	0	3.3	23.5	18.5
1976-07-30	0	1.6	23.5	18.5
1976-07-31	0	5.7	24	18.5
1976-08-01	0	5.6	24	17
1976-08-02	0	4.9	24	17
1976-08-03	0	5.1	24	15.5
1976-08-04	0	4.3	23.5	13.5
1976-08-05	0	5.2	23.5	16
1976-08-06	0	4.8	23	18
1976-08-07	0	5.3	23.5	13
1976-08-08	0	3.8	23.5	15
1976-08-09	0	4.1	23	15
1976-08-10	0	5.1	23	14.5
1976-08-11	0	4.1	23	13
1976-08-12	0	4.6	23	12.5
1976-08-13	0	4.5	21	15.5
1976-08-14	0	4.5	22	17
1976-08-15	0	5.3	22.5	16.5
1976-08-16	0	5	23.5	14
1976-08-17	0	4.7	23	13
1976-08-18	0	4.4	23.5	16
1976-08-19	0	4.7	24	14
1976-08-20	0	4.8	24.5	17
1976-08-21	0	4.8	23.5	19
1976-08-22	0	4.7	23.5	16
1976-08-23	0	4.4	23	17
1976-08-24	0	4.2	23	17
1976-08-25	0	4.5	23	17
1976-08-26	0	3.8	24	17.5
1976-08-27	0	3.7	23	17
1976-08-28	0	3.5	22.5	15.5
1976-08-29	0	3.3	24.5	16.5
1976-08-30	7	2.4	25.5	17.5
1976-08-31	0	2	22.5	18
1976-09-01	0	2.8	23	17.9
1976-09-02	8	9.5	23.5	16.5
1976-09-03	0	3.5	27.5	19
1976-09-04	0	2.7	26	17
1976-09-05	0	2.7	25	17.5
1976-09-06	0	2.2	24.5	18
1976-09-07	4.2	2.1	25.5	19
1976-09-08	0	2.1	23.5	17
1976-09-09	23.5	3.9	24.5	19
1976-09-10	71.2	1.1	22	21
1976-09-11	0	2.1	24	19
1976-09-12	0	4.6	24	17.5
1976-09-13	1	2.3	23	17.5
1976-09-14	0	1.3	20.5	19
1976-09-15	0	2.5	22	18
1976-09-16	0	1.6	23	16
1976-09-17	0	3.5	23	15.5
1976-09-18	0	3.7	23	15
1976-09-19	0	2.3	23.5	17
1976-09-20	0	2	23	19.5
1976-09-21	0	2.6	24	19.5
1976-09-22	0	3.1	24	19
1976-09-23	0	1.7	21.5	19
1976-09-24	0	2.6	23.5	17
1976-09-25	0	1.8	23	18.5
1976-09-26	0	2.2	23	18
1976-09-27	0	3.9	24	17
1976-09-28	0	3.1	24	18.5
1976-09-29	0	3.2	23	16
1976-09-30	0	4.1	NULO	NULO
1976-10-01	1	1.9	23.5	14
1976-10-02	0	3.9	24	16
1976-10-03	0	4.2	23.5	14.5
1976-10-04	0	2.6	24	14.5
1976-10-05	0	2.8	23.5	13
1976-10-06	0	1.6	22.5	13
1976-10-07	0	1.8	26.5	14
1976-10-08	0	2.2	36	15
1976-10-09	0	1.8	35	22
1976-10-10	0	2	24.5	12
1976-10-11	0	2.5	23	12.5
1976-10-12	0	8	22.5	12.5
1976-10-13	0	4	22.5	15.5
1976-10-14	0	3	22.5	17.5
1976-10-15	0	2	22.5	15
1976-10-16	0	3	23	15
1976-10-17	0	3	22	13
1976-10-18	0	2.2	23	13
1976-10-19	0	2.7	19.5	13
1976-10-20	14.5	4.7	23.5	16
1976-10-21	10.6	3.6	21.5	17.5
1976-10-22	9	1	19.5	17
1976-10-23	0	2.5	22	15
1976-10-24	0	2.5	21	13.5
1976-10-25	0	2.2	21.5	14
1976-10-26	0	6.8	28	12.5
1976-10-27	0	3.7	24	11
1976-10-28	0	4.3	24	10
1976-10-29	0	2.3	21.5	9
1976-10-30	0	4.7	21.5	9
1976-11-03	0	6.4	32.5	12.5
1976-11-04	0	15.7	35	15.5
1976-11-05	0	7.3	32.5	23
1976-11-06	0	3.2	26.5	14
1976-11-07	0	2.9	25	14.5
1976-11-08	0	2.9	25	14.5
1976-11-09	0	1.5	23	12
1976-11-10	0	1.6	20.5	8.5
1976-11-11	10.5	3.6	21	12
1976-11-12	2.5	1.7	19	14.5
1976-11-13	0	1.9	19.5	10
1976-11-14	0.5	1.7	20.5	11
1976-11-15	0	4.6	20.5	11.5
1976-11-16	0	0.8	24	10.5
1976-11-17	0	5.4	29	14
1976-11-18	0	4.7	28	13.5
1976-11-19	0	2.2	22	10.5
1976-11-20	0	1.2	20	10
1976-11-21	0	0.8	19	10
1976-11-22	0	1.1	20	9
1976-11-23	0	2.6	20.5	8.5
1976-11-24	0	0.4	23	11
1976-11-25	0	2.2	19.5	14.5
1976-11-26	0.5	2.2	20.5	14.5
1976-11-27	0	12.1	17.5	11.5
1976-11-28	0	6.6	18.5	10
1976-11-29	0	7.8	22	9
1976-11-30	0	7.8	27	10.5
1976-12-01	0	10.5	28.5	12
1976-12-02	0	3.5	26.5	12
1976-12-03	0	3	21	9
1976-12-04	0	3	20	8.5
1976-12-05	0	8	18	11
1976-12-06	0	4	22	10
1976-12-07	0	2	24.5	12
1976-12-08	0	3	20.5	7
1976-12-09	0	1	19.5	7.5
1976-12-10	0	4	22.5	8
1976-12-11	0	5	24	7.5
1976-12-12	0	6.1	24.5	8.5
1976-12-13	0	1.8	20.5	10
1976-12-14	0	2.5	19.5	8
1976-12-15	0	5.2	22.5	10.5
1976-12-16	0	11.4	26.5	14.5
1976-12-17	0	3.9	20.5	9
1976-12-18	5	1.1	18	10
1976-12-19	0	3.2	19.5	11
1976-12-20	0	3.3	19.5	10
1976-12-21	0	2.7	19.5	10.5
1976-12-22	0	2.6	21	6.5
1976-12-23	0	1.2	19	7
1976-12-24	0	5	20	8
1976-12-25	0	6	24	6
1976-12-26	0	5.8	23	10
1976-12-27	0	1.8	19	5
1976-12-28	0	1.4	19	6.5
1976-12-29	0	3.2	18	7
1976-12-30	17	3	18	10
1976-12-31	1	8.9	NULO	NULO
1977-05-01	0	3.8	21	10.5
1977-05-02	0	5.5	20.5	10
1977-05-03	0	3.4	20	10.5
1977-05-04	0	3.8	20	13.5
1977-05-05	0	7	19.5	9
1977-05-06	2.7	6.8	18	12.5
1977-05-07	2	5	19.5	10
1977-05-08	32	3	19.5	12.5
1977-05-09	0	4.6	19	12
1977-05-10	0	4	19	10
1977-05-11	0	4.5	18.5	10
1977-05-12	0.4	1.1	18	11
1977-05-13	0	5	19.5	11.5
1977-05-14	0	2.8	19	12.5
1977-05-15	0	3.4	16	13
1977-05-16	0	4.6	18	13
1977-05-17	0	4.3	19.5	9.5
1977-05-18	0	4.6	19.5	8.5
1977-05-19	0	4.6	19.5	10
1977-05-20	0	4.2	20.8	10
1977-05-21	0	3.9	19.5	11.5
1977-05-22	0	4.1	18	13
1977-05-23	0.8	3.4	19	14
1977-05-24	0.8	3.1	19	13
1977-05-25	0	4.9	20	9
1977-05-26	0	4.6	20.5	10.5
1977-05-27	0	3.9	20	11
1977-05-28	0	2.1	19.5	14
1977-05-29	0	5	20	11
1977-05-30	0	3.6	20.5	10.5
1977-05-31	0	2.9	19.5	13.5
1980-10-01	0	3.48	21	13.5
1980-10-02	0	3.48	21	13.5
1980-10-03	0	5.98	21	13.5
1980-10-04	0	3.48	21	13.5
1980-10-05	0	3.48	20	13.5
1980-10-06	0	3.48	19	17
1980-10-07	0	6.61	18.5	16.5
1980-10-08	0	1.59	19	16
1980-10-09	0	0.42	19.5	15.5
1980-10-10	0	1.54	19.5	16
1980-10-11	0	1.4	19.5	15.5
1980-10-12	0	2.7	21	15.5
1980-10-13	0	1.4	20	16
1980-10-14	0	7.36	21	15
1980-10-15	0	1.74	19	15
1980-10-16	0	2.4	19	11.5
1980-10-17	0	2.5	18	10
1980-10-18	0	4.05	19.5	11.5
1980-10-19	0	3.95	20.5	12
1980-10-20	0	3	22.5	13
1980-10-21	0	2.1	22	14
1980-10-22	0	2	19.5	11
1980-10-23	0	2	19	11
1980-10-24	0	1.9	20	11.5
1980-10-25	4.2	2.2	20	12.5
1980-10-26	0	2	19.5	14
1980-10-27	0	4.1	19	10.5
1980-10-28	0	8.1	26.5	13
1980-10-29	0	6.8	27.5	15
1980-10-30	0	8.5	31	17.5
1980-10-31	0	6.6	29	14
1980-11-01	0	3.6	23	15.5
1980-11-02	0	2.3	21.5	17.5
1980-11-03	0	1.9	20	11
1980-11-04	0	1.15	18	10.5
1980-11-05	0	2.01	17.5	13
1980-11-06	0	1.35	18.5	13
1980-11-07	0	2.89	16.5	10
1980-11-08	0	1.2	18	11
1980-11-09	0	0.9	18	11
1980-11-10	0	1.4	18.5	11
1980-11-11	0	2.05	19.5	13
1980-11-12	0	2.12	18.5	13
1980-11-13	0	1.88	18.5	11.5
1980-11-14	0	1.96	20	11
1980-11-15	0	2.69	20	9
1980-11-16	0	8.8	20.5	8.5
1980-11-17	0	9.3	23	13.5
1980-11-18	0	3.7	22	13
1980-11-19	0	3.05	16.5	10
1980-11-20	0	2.36	17.5	9.5
1980-11-21	0	2.8	18	9
1980-11-22	0	2.35	18.5	10
1980-11-23	0	0.23	18	8
1980-11-24	0	2.82	17	11
1980-11-25	0	5.6	17	11
1980-11-26	0	4.67	23	14
1980-11-27	0	2.73	23.5	11.5
1980-11-28	0	5.1	24.5	14
1980-11-29	0	1.3	19.5	11
1980-11-30	0	0.42	17.5	9.5
1980-12-01	0	2.36	17.5	13
1980-12-02	0	0.52	16	8.5
1980-12-03	0	1.2	17	8
1980-12-04	0	0.98	17	9.5
1980-12-05	0	1.92	16	14
1980-12-06	0	1.1	16.5	9
1980-12-07	0	2.15	15	9
1980-12-08	0	3.01	16.5	8.5
1980-12-09	0	1.84	16	8.5
1980-12-10	0	7.36	22	10
1980-12-11	0	5.71	25.5	11
1980-12-12	0	4.43	20	10
1980-12-13	0	4.3	18	9.5
1980-12-14	0	2.74	19	11.5
1980-12-15	0	2.81	19	11
1980-12-16	0	4.45	19.5	12
1980-12-17	0	0.2	17	10.5
1980-12-18	0	0.8	14.5	9.5
1980-12-19	0	1.35	13.5	9.5
1980-12-20	0	0.8	14.5	7.5
1980-12-21	0	0.2	13.5	7.5
1980-12-22	0	0.65	14.5	7.5
1980-12-23	0	0.39	15.5	8.5
1980-12-24	0	1.61	16.5	9.5
1980-12-25	0	1.8	17.5	9.5
1980-12-26	0	1.8	19.5	10
1980-12-27	0	2.2	17	7
1980-12-28	0	1.4	16.5	9
1980-12-29	0	2	23	8
1980-12-30	0	1.8	29.5	9.5
1980-12-31	0	7.6	20.5	7.5
1981-01-01	0	1.6	20.5	13.5
1981-01-02	0	0.5	16	10
1981-01-03	0	1.44	15.5	10.5
1981-01-04	0	0.36	15	11.5
1981-01-05	0	0.36	15.5	9.5
1981-01-06	0	1.47	22	9.5
1981-01-07	0	0.57	17	9.5
1981-01-08	0	1.2	17	9.5
1981-01-09	0	1.1	24	8
1981-01-10	1	7.36	21	8
1981-01-11	10	2.39	23.5	13
1981-01-12	0	2.3	19	15.5
1981-01-13	0	1.25	18	13.5
1981-01-14	0	0.56	18.5	11.5
1981-01-15	0	2.09	16	10
1981-01-16	0	2.05	15.5	10
1981-01-17	0	2.11	19	11.5
1981-01-18	0	0.65	19.5	11.5
1981-01-19	0	0.54	16.5	9.5
1981-01-20	0	0.32	15.5	9
1981-01-21	0	0.58	16.5	9.5
1981-01-22	0	1.1	16.5	10
1981-01-23	0	1.5	15	10.5
1981-01-24	0	2.6	16	9
1981-01-25	0	1.55	16.5	7
1981-01-26	0	1.43	16.5	6.5
1981-01-27	12	2.05	17	7.5
1981-01-28	0	1.1	17	9.5
1981-01-29	8	2	16.5	8.5
1981-01-30	0	3.1	14	8.5
1981-01-31	0	1.9	14	6.5
1981-02-01	0	5.07	16	7.5
1981-02-02	0	3.8	21.5	10
1981-02-03	0	1.35	17.5	10
1981-02-04	0	2.1	17	8
1981-02-05	0	1	15	7
1981-02-06	0	0.5	14.5	9
1981-02-07	0	2.2	15.5	8
1981-02-08	13.4	0.93	15.5	8.5
1981-02-09	2.3	2.57	16	10.5
1981-02-10	0	1.8	16.5	12.5
1981-02-11	0	2.73	16.5	13
1981-02-12	0	1.57	19	12
1981-02-13	0	5.8	27	13.5
1981-02-14	0	2.55	20.5	14
1981-02-15	0	1.59	18.5	9.5
1981-02-16	0	1.79	17.5	13
1981-02-17	0	2.97	21.5	11.5
1981-02-18	0	2.04	21.5	12
1981-02-19	0	2.41	19.5	12
1981-02-20	0	5.75	20.5	10.5
1981-02-21	7	1.6	25.5	11.5
1981-02-22	6	1	26	18
1981-02-23	3	2	20.5	9
1981-02-24	5.8	1	17.5	9
1981-02-25	0	8.5	17	12.5
1981-02-26	0	3.03	15	9
1981-02-27	0	2.47	17	6
1981-02-28	17	7.8	15.5	8
1981-03-01	57	3.3	15	12.5
1981-03-02	NULO	2.1	16	10
1981-03-03	NULO	7.6	17	8
1981-03-04	27	2.1	17	10
1981-03-05	7	3.1	12	8
1981-03-06	0	4	15	8.5
1981-03-07	0	1.9	18	9
1981-03-08	0	2.77	16.5	10
1981-03-09	0	1.43	17	9
1981-03-10	0	2.55	19	10
1981-03-11	0	3.66	18	10
1981-03-12	0	3.69	17.5	13
1981-03-13	0	3.3	15.5	11
1981-03-14	0	4.1	17	10.5
1981-03-15	0	3.3	16	8.5
1981-03-16	0	2.8	17	10
1981-03-17	0	2.36	17	8.5
1981-03-18	0	6.31	17	9.5
1981-03-19	25.8	3.73	17	11.5
1981-03-20	0	3.96	16	12.5
1981-03-21	0	3.95	16	9
1981-03-22	0	3.29	16	10
1981-03-23	0	2.72	16.5	12
1981-03-24	0	3.84	17	11
1981-03-25	NULO	1.8	18.5	10
1981-03-26	NULO	3.51	15.5	13
1981-03-27	0	3.21	17	12
1981-03-28	0	2.12	16.5	9.5
1981-03-29	0	3.6	17	12
1981-03-30	0	3.46	17	11
1981-03-31	0	2.7	17.5	8.5
1981-04-01	1.6	3.24	18	10
1981-04-02	4	2.8	15	11
1981-04-03	0	5	16.5	11
1981-04-04	0	4.55	29	9
1981-04-05	0	12.08	30.5	14.5
1981-04-06	0	4.77	18.5	10
1981-04-07	0	3.7	18.5	13
1981-04-08	0	3.05	17.5	13
1981-04-09	0	4.85	17.5	13
1981-04-10	0	3.2	17.5	14.5
1981-04-11	0	2.38	18	14
1981-04-12	0	2.37	18.5	11.5
1981-04-13	0	4.36	17	13
1981-04-14	0	3.43	17	11.5
1981-04-15	0	6.21	16.5	13
1981-04-16	0	3.46	16.5	12.5
1981-04-17	0	2.13	16.5	12.2
1981-04-18	0	2.33	17.5	13
1981-04-19	0	3.5	18	10
1981-04-20	0	5.1	17	10.5
1981-04-21	0	3.2	19.5	10
1981-04-22	0	3.64	20.5	10.5
1981-04-23	0	5.01	19	14
1981-04-24	0	3.19	18	14
1981-04-25	0	3.08	19	14.5
1981-04-26	0	4.41	19	13.5
1981-04-27	0	2.1	19	13
1981-04-28	0	4.88	21	12.5
1981-04-29	0	7.11	21	14.5
1981-04-30	0	5.05	21.5	13.5
1981-05-01	0	2.01	19	15.5
1981-05-02	0	2	18.5	14.5
1981-05-03	0	2.73	19	14.5
1981-05-04	0	4.21	19.3	11.2
1981-05-05	0	4.37	19.5	12.8
1981-05-06	0	4.49	19.8	12.7
1981-05-07	0	4.38	20.8	10.3
1981-05-08	0	4.12	21	10.8
1981-05-09	0	4.5	22.2	12.3
1981-05-10	0	4.5	23	13
1981-05-11	0	4.5	19.3	16.2
1981-05-12	0	5.84	19.8	15.7
1981-05-13	0	4.31	21	15.6
1981-05-14	0	3.68	18.2	16
1981-05-15	0	1.77	18	14.5
1981-05-16	0	4.8	18	14.5
1981-05-17	0	3.97	20.3	11
1981-05-18	0	4.25	20.5	11.2
1981-05-19	0	5.5	20	14.8
1981-05-20	0	7.4	18.7	14.5
1981-05-21	0	3.81	19.2	11.7
1981-05-22	0	4.42	20.2	13.4
1981-05-23	0	4	19.8	11.5
1981-05-24	0	4.41	20	15.2
1981-05-25	0	1.08	18.5	15.5
1981-05-26	4	6.04	21.2	16
1981-05-27	0	3.21	20.3	16
1981-05-28	0	3.44	20.2	15
1981-05-29	0	2.01	19	16
1981-05-30	0	5	19	16.5
1981-05-31	0	2.08	18.8	16
1981-06-01	0	NULO	21.4	15.8
1981-06-02	0	NULO	20.2	15.7
1981-06-03	0	NULO	20.7	16
1981-06-04	0	NULO	21.2	14.8
1981-06-05	0	NULO	20.3	16
1981-06-06	0	NULO	21.3	16.8
1981-06-07	0	NULO	21.4	17
1981-06-08	0	NULO	20	17
1981-06-09	0	NULO	21.1	16
1981-06-10	0	NULO	21	16.7
1981-06-11	0	NULO	22.2	16.6
1981-06-12	0	NULO	22	16.8
1981-06-13	0	NULO	22.8	15.8
1981-06-14	0	NULO	30	14
1981-06-15	0	NULO	38.2	15.8
1981-06-16	0	NULO	31.5	18
1981-06-17	0	NULO	27.1	17
1981-06-18	0	NULO	23	16.6
1981-06-19	0	NULO	23.5	16
1981-06-20	0	NULO	23	16
1981-06-21	0	NULO	23.8	17.4
1981-06-22	0	NULO	24	18.8
1981-06-23	0	NULO	24.4	17.7
1981-06-24	0	NULO	25	17
1981-06-25	0	NULO	25	18.9
1981-06-26	0	NULO	25	17.7
1981-06-27	0	NULO	20	17.8
1981-06-28	0	NULO	22.4	17.6
1981-06-29	0	NULO	27.2	17
1981-06-30	0	NULO	27.2	17.7
1981-07-01	0	NULO	NULO	NULO
1981-07-02	0	NULO	NULO	NULO
1981-07-03	0	NULO	NULO	NULO
1981-07-04	0	NULO	NULO	NULO
1981-07-05	0	NULO	NULO	NULO
1981-07-06	0	NULO	NULO	NULO
1981-07-07	0	NULO	NULO	NULO
1981-07-08	0	NULO	NULO	NULO
1981-07-09	0	NULO	NULO	NULO
1981-07-10	0	NULO	NULO	NULO
1981-07-11	0	NULO	NULO	NULO
1981-07-12	0	NULO	NULO	NULO
1981-07-13	0	NULO	NULO	NULO
1981-07-14	0	NULO	NULO	NULO
1981-07-15	0	NULO	NULO	NULO
1981-07-16	0	NULO	NULO	NULO
1981-07-17	0	NULO	NULO	NULO
1981-07-18	0	NULO	NULO	NULO
1981-07-19	0	NULO	NULO	NULO
1981-07-20	0	NULO	NULO	NULO
1981-07-21	0	NULO	NULO	NULO
1981-07-22	0	NULO	NULO	NULO
1981-07-23	0	NULO	NULO	NULO
1981-07-24	0	NULO	NULO	NULO
1981-07-25	0	NULO	NULO	NULO
1981-07-26	0	NULO	NULO	NULO
1981-07-27	0	NULO	NULO	NULO
1981-07-28	0	NULO	NULO	NULO
1981-07-29	0	NULO	NULO	NULO
1981-07-30	0	NULO	NULO	NULO
1981-07-31	0	NULO	NULO	NULO
1981-08-01	0	4.06	27	19
1981-08-02	0	3.19	25	20
1981-08-03	0	3.05	27	19
1981-08-04	0	4.75	26.5	19
1981-08-05	0	2.95	26	21
1981-08-06	0	4.98	24.5	16
1981-08-07	0	2.75	24.5	19
1981-08-08	0	4.67	24	18
1981-08-09	0	4.67	25	18.5
1981-08-10	0	4.75	23.5	17.5
1981-08-11	0	4.52	25	18
1981-08-12	0	2.06	22	19.5
1981-08-13	0	4.13	25	19.5
1981-08-14	0	4.98	25	19
1981-08-15	0	6.25	23.5	20
1981-08-16	0	6.25	23	19.5
1981-08-17	0	4.31	23.5	19
1981-08-18	0	3.39	24	19
1981-08-19	0	6.15	23	18.5
1981-08-20	0	6.02	23	18
1981-08-21	0	4.15	25	17
1981-08-22	0	5.1	24	18
1981-08-23	0	5.09	24	18.5
1981-08-24	0	4.63	22	18
1981-08-25	0	4.82	25	17.5
1981-08-26	0	5.26	23	18.5
1981-08-27	0	4.92	23.5	19
1981-08-28	0	4.58	23.5	18
1981-08-29	0	4.87	21	17
1981-08-30	0	4.86	22.5	16.5
1981-08-31	0	3.97	23	18
1981-09-01	0	4.1	23.5	17.5
1981-09-02	0	4.7	23.5	16.5
1981-09-03	0	4.9	24	18
1981-09-04	0	4.7	24	18
1981-09-05	0	2.9	21.5	17.5
1981-09-06	0	2.9	24	18.5
1981-09-07	0	3.95	23	19
1981-09-08	0	4.55	22.5	17.5
1981-09-09	0	6.4	22.5	17.5
1981-09-10	0	3.9	20.5	16
1981-09-11	0	3.65	21.5	16
1981-09-12	0	4.75	20	14
1981-09-13	0	3.7	20	15
1981-09-14	0	3.95	21.5	15.5
1981-09-15	0	2.75	21.5	16
1981-09-16	0	3.75	21	15.5
1981-09-17	1	5.35	27	16
1981-09-18	0	5.65	29	17
1981-09-19	0	3.6	22	16.5
1981-09-20	0	4.5	29	16
1981-09-21	0	3.6	28.5	16
1981-09-22	0	3.85	27	16
1981-09-23	0	4.45	27.5	17
1981-09-24	0	3.65	27	18
1981-09-25	0	3.6	29	18.5
1981-09-26	0	3.65	27	19
1981-09-27	0	3.6	27.5	19
1981-09-28	0	5.15	27	20
1981-09-29	0	3.7	29	21
1981-09-30	0	4.25	28	19
1981-10-01	0	4.12	26	18.5
1981-10-02	0	3.93	25	17
1981-10-03	0	4	27.5	19
1981-10-04	0	3.75	26.5	18
1981-10-05	0	4.3	23	16.5
1981-10-06	0	2.27	21	14
1981-10-07	0	1.27	20.5	14.5
1981-10-08	0	2.49	21	15.5
1981-10-09	0	2.41	21	14.5
1981-10-10	0	2.86	19	16
1981-10-11	0	2.82	19	15.5
1981-10-12	0	4.04	19.5	12
1981-10-13	0	3.54	19	11
1981-10-14	0	3.9	19	11
1981-10-15	0	2.9	19.5	11
1981-10-16	0	5.65	18.5	11
1981-10-17	0	3.66	19	12
1981-10-18	0	2.75	23	14
1981-10-19	0	2.82	20.5	14
1981-10-20	0	3.11	20	11
1981-10-21	0	1.63	20	11
1981-10-22	0	2.18	21.5	12
1981-10-23	0	1.92	18	8
1981-10-24	0	3.05	17	9
1981-10-25	0	3.04	18	12
1981-10-26	0	3.59	19	14
1981-10-27	0	3.7	19.5	15
1981-10-28	0	4.1	19	15
1981-10-29	0	3.54	18.5	14
1981-10-30	0	3.96	24	13
1981-10-31	0	4.53	25	15
1981-11-01	0	2.72	31	18
1981-11-02	0	2.15	22.5	16
1981-11-03	0	2.15	21	12
1981-11-04	0	1.4	18	10.5
1981-11-05	0	2.32	19.5	11.5
1981-11-06	0	2.08	19.5	13
1981-11-07	0	2.6	20	12
1981-11-08	0	3.4	20.5	13
1981-11-09	0	2.93	20	16
1981-11-10	0	2.07	17	11.5
1981-11-11	0	2	17	10
1981-11-12	0	3.2	17.5	11.5
1981-11-13	0	2.83	18.5	12.5
1981-11-14	0	2.63	16	12.5
1981-11-15	0	3.63	14	10.5
1981-11-16	0	2.44	16.5	10
1981-11-17	0	2.27	18.5	11
1981-11-18	0	1.7	18	13
1981-11-19	0	3.3	14	12
1981-11-20	0	4.1	17	9
1981-11-21	0	3.14	17	11
1981-11-22	0	3.11	19	9
1981-11-23	0	3.5	16.5	8.5
1981-11-24	0	3.2	16.5	11.5
1981-11-25	0	2.95	17	11.5
1981-11-26	14	1.57	16.5	9
1981-11-27	15.7	2.98	16.5	10
1981-11-28	7.3	1.55	14	10.5
1981-11-29	0	1.24	13.5	9
1981-11-30	0	2.26	15	8
1981-12-01	0	9.77	22	9
1981-12-02	0	1.45	20.5	14
1981-12-03	0	2.6	18	9.5
1981-12-04	0	1.6	18.5	9.5
1981-12-05	2	2.02	15.5	11.5
1981-12-06	1.5	1.46	13.5	8
1981-12-07	1	1.52	15	7.5
1981-12-08	0	0.75	17	7.5
1981-12-09	0	0.54	16.5	6.5
1981-12-10	0	1.49	16	6
1981-12-11	0	1	16	10
1981-12-12	0	0.44	14	11
1981-12-13	0	0.78	16	8.5
1981-12-14	0	1.7	15.5	8
1981-12-15	0	0.3	17	9.5
1981-12-16	0	0.69	14.5	7.5
1981-12-17	0	0.91	15	8.5
1981-12-18	0	0.8	17	8.5
1981-12-19	0	0.6	16.5	9.5
1981-12-20	2	1.84	15	11
1981-12-21	0	1.73	15.5	12
1981-12-22	0	3.99	15.5	9
1981-12-23	0	1.77	17	8
1981-12-24	0	3.88	19.5	10
1981-12-25	0	3.88	18	8
1981-12-26	0	0.91	17.5	7
1981-12-27	0	1	17	10
1981-12-28	0	1.5	15.5	10
1981-12-29	2.5	2.39	15	8.5
1981-12-30	17.5	2.61	13	10.5
1981-12-31	0	3.39	14.5	10.5
1982-01-01	15	4.96	12	10
1982-01-02	3.4	3.71	11	7.5
1982-01-03	0	0.3	12	4
1982-01-04	0.9	1.98	14.5	5
1982-01-05	3	0.76	13.5	8
1982-01-06	0	1.93	13.5	9.5
1982-01-07	0	11.12	13.5	7
1982-01-08	0	12.57	18.5	8.5
1982-01-09	0	3.04	23	11
1982-01-10	2.9	5.94	19	11
1982-01-11	0	1.58	17.5	12.5
1982-01-12	0	1.57	15.5	11.5
1982-01-13	0	1.95	19.5	10
1982-01-14	0	2.59	18.5	10
1982-01-15	0	0.72	16	6.5
1982-01-16	0	0.7	14	7
1982-01-17	0	0.69	12	6
1982-01-18	0.3	2.37	16.5	8
1982-01-19	20.5	1.18	15.5	11.5
1982-01-20	0	3.5	14	7
1982-01-21	0	3.87	12	9.5
1982-01-22	0	0.25	14	8.5
1982-01-23	0	2.72	18	7.5
1982-01-24	0	2.71	18	10
1982-01-25	0	1.9	17.5	9
1982-01-26	0	1.38	14.5	9.5
1982-01-27	9.8	1.17	15	9.5
1982-01-28	0	3.5	14.5	9.5
1982-01-29	0	2.05	15	7.5
1982-01-30	0	1.45	15	7
1982-01-31	0	1.45	15	7.5
1982-02-01	0	5	22	4
1982-02-02	0	3.8	19	3
1982-02-03	0	3.2	22	1
1982-02-04	0	2.4	21	1
1982-02-05	0	6.6	13	2
1982-02-06	0	2.8	12	2
1982-02-07	0	2.5	13	2
1982-02-08	0	1.6	20	2
1982-02-09	0.7	3.2	23	2
1982-02-10	0.7	1.5	22	6
1982-02-11	1	3.6	22	10
1982-02-12	0	2.3	21	5
1982-02-13	0	4.2	24	5
1982-02-14	0	3.9	30	5
1982-02-15	0	4.8	29	9
1982-02-16	0	4.8	29	10
1982-02-17	0	4.2	31	10
1982-02-18	0	7.4	32	11
1982-02-19	0	7.5	28	11
1982-02-20	0	3.8	32	11
1982-02-21	0	5.2	32	11
1982-02-22	0	3.4	33	10
1982-02-23	0	3.2	33	11
1982-02-24	5.3	1.9	18	11
1982-02-25	0	3.6	25	12
1982-02-26	0	3	23	10
1982-02-27	0	4.2	30	12
1982-02-28	0	2.7	31	12
1982-03-03	0	4.6	24	11
1982-03-04	0	3.8	26	6
1982-03-05	0	3.5	23	7
1982-03-06	0	1.4	25	3
1982-03-07	0	3.7	27	4
1982-03-08	0	5.3	28	10
1982-03-09	0	4.3	31	8
1982-03-10	0	3.4	33	11
1982-03-11	0.3	2.1	24	15
1982-03-12	19	1.4	23	11
1982-03-13	0	2.5	24	11
1982-03-14	0.3	5	24	12
1982-03-15	0	2.7	22	8
1982-03-16	0	3.1	22	8
1982-03-17	0	3.7	22	7
1982-03-18	0	5.3	19	7
1982-03-19	0	4.7	20	7
1982-03-20	0	3.2	23	5
1982-03-21	0	6.1	25	5
1982-03-22	0	5.3	22	7
1982-03-23	0	5.2	28	6
1982-03-24	0	5.2	30.5	8
1982-03-25	1.5	4.5	31	11
1982-03-26	0	7.1	27	12
1982-03-27	0	2.9	29	10
1982-03-28	0	5.9	28	10
1982-03-29	0	9.8	22.5	11
1982-03-30	0	4.6	26	8
1982-03-31	0	6	29	7
1982-04-01	0	8.2	27	8
1982-04-02	0	3.9	24	6
1982-04-03	0	6.9	29	9
1982-04-04	0	5.7	28	9
1982-04-05	0	9.7	31	9
1982-04-06	0	7.3	30	12
1982-04-07	0	6.2	24	11
1982-04-08	0	6.6	28	7
1982-04-09	0	6.3	32	11
1982-04-10	0	7.5	34	14
1982-04-11	0	8.4	35	18
1982-04-12	0	9.4	33	19
1982-04-13	0	8.1	33	12
1982-04-14	0	10	32	13
1982-04-15	0	9.3	29	12.5
1982-04-16	0	9.3	32	11
1982-04-17	0	6.4	34	11
1982-04-18	0	7.8	36	11
1982-04-19	0	5.9	38	12
1982-04-20	0	10.9	31	13
1982-04-21	0	11.2	26	12
1982-04-22	0	6.8	29	8
1982-04-23	0	8.4	34	9
1982-04-24	0	10.4	36	11
1982-04-25	0	9.3	37	11
1982-04-26	0	NULO	36	14
1982-04-27	0	7.2	36	17
1982-04-28	0	11.7	35	14
1982-04-29	0	9.5	36	15
1982-04-30	0	13.8	34	15
1982-05-01	0	2.61	20	16
1982-05-02	0	4.2	18.5	15
1982-05-03	0	2.4	18.5	15.5
1982-05-04	0	3.1	19.5	14.5
1982-05-05	0	4.55	18.5	15.5
1982-05-06	0	4.85	16	14
1982-05-07	0	3.65	19	14
1982-05-08	0	4.25	19.5	14
1982-05-09	0	3.2	18	14.5
1982-05-10	2	4.1	18.5	14
1982-05-11	0	5.55	17	10
1982-05-12	0	4.95	19	12
1982-05-13	0	3.65	18	12
1982-05-14	0	4.25	18	12
1982-05-15	0	3.5	19	12
1982-05-16	0	4.8	20.5	12
1982-05-17	0	3.5	21	12
1982-05-18	0	4.5	18	15
1982-05-19	0	4.5	19	11
1982-05-20	0	2	17.5	15
1982-05-21	0	3.6	19.5	15
1982-05-22	0	1.9	18.5	15
1982-05-23	0	2.05	18.5	15.5
1982-05-24	0	1.25	17	15
1982-05-25	2	3.73	18	15
1982-05-26	5	5.66	17	15
1982-05-27	0	1.81	20	14.5
1982-05-28	0	5	19.5	15
1982-05-29	0	3.8	18	14.5
1982-05-30	0	4.35	18.5	13.5
1982-05-31	0	5.45	19	12
1982-07-01	0	6.3	37	19
1982-07-02	0	10.6	42	19
1982-07-03	0	8.8	42.5	17
1982-07-04	0	10.9	43	19
1982-07-05	0	10.9	40	19
1982-07-06	0	9.5	38	21
1982-07-07	0	6.8	39	21
1982-07-08	0	10.3	41	22
1982-07-09	0	7.9	42	22
1982-07-10	0	10.6	46	21.5
1982-07-11	0	12.4	45	21
1982-07-12	0	12.2	46	23
1982-07-13	0	9.3	46	23
1982-07-14	0	11.9	47	24
1982-07-15	0	11.6	43.5	26.5
1982-07-16	0	7.3	45	25
1982-07-17	0	11.8	44	24
1982-07-18	0	11.2	44	24
1982-07-19	0	11.7	45	23
1982-07-20	0	11	43	24
1982-07-21	0	14.8	42	25
1982-07-22	0	10	41	24
1982-07-23	0	5.2	41	27
1982-07-24	0	8.3	45	26
1982-07-25	4.5	6.7	41	28
1982-07-26	20.5	5.6	41	25
1982-07-27	0	8.1	40	24
1982-07-28	0	8.9	45	23
1982-07-29	0	12.6	46	26
1982-07-30	0	11.4	45	26.5
1982-07-31	0	11.1	42	26
1982-08-01	0	11.8	44	28
1982-08-02	0	11.2	45	27
1982-08-03	0	NULO	43	25
1982-08-04	0	NULO	44	24
1982-08-05	0	NULO	45	24
1982-08-06	0	12.8	45	24
1982-08-07	0	9.4	45	24
1982-08-08	0	10.2	47.5	24
1982-08-09	0	9.9	47	24
1982-08-10	0	10	47	24
1982-08-11	0	9	37	24
1982-08-12	0	8.3	38	28
1982-08-13	0	11.5	42	25
1982-08-14	0	9.6	42	24
1982-08-15	0	10.1	43	22
1982-08-16	0	10.2	42	24
1982-08-17	0	7.3	38	25
1982-08-18	0	7.8	44	23
1982-08-19	0	9	46	24
1982-08-20	0	9.5	47	23
1982-08-21	0	5.8	44	27
1982-08-22	0	11.6	47	28
1982-08-23	8.3	4.3	31.1	29
1982-08-24	0	3.6	31	25
1982-08-25	4	2.1	36	24
1982-08-26	0	6.7	39	24
1982-08-27	0	6.3	40	24
1982-08-28	0	9.1	43	25
1982-08-29	0	8.7	44	25
1982-08-30	0	9.4	43	23
1982-08-31	0	7.4	46	23
1982-12-01	0	4.3	19	10
1982-12-02	0	1.9	20	2
1982-12-03	0	2	19	3
1982-12-04	0	1.3	22	3
1982-12-05	0	2.2	23	4
1982-12-06	0	2.3	24	5
1982-12-07	0	3	24	5
1982-12-08	20	0.5	15	6
1982-12-09	13	1.7	15	11
1982-12-10	0	1.3	19	10
1982-12-11	0	2.3	19	8
1982-12-12	0	2.5	20	8
1982-12-13	0	1.7	20	7
1982-12-14	0	2.2	20	6
1982-12-15	0	3.6	20	4
1982-12-16	0	1.7	20	5
1982-12-17	0	2.6	22	5
1982-12-18	0	1.7	21	5
1982-12-19	0	0.7	20	6
1982-12-20	0	2.4	22	4
1982-12-21	0	0.6	21	6
1982-12-22	0	1.5	20	6
1982-12-23	0	4.8	18	9
1982-12-24	0	5.2	11	5
1982-12-25	0	2.5	11	7
1982-12-26	0	3.4	13	3
1982-12-27	0	0.3	19	1
1982-12-28	0	3.3	15	3
1982-12-29	0	2.2	14	4
1982-12-30	0	2.1	13	1
1982-12-31	0	1.4	11	1
