COMISIÓN NACIONAL DEL AGUA
COORDINACIÓN GENERAL DEL SERVICIO METEOROLÓGICO NACIONAL
BASE DE DATOS CLIMATOLÓGICA NACIONAL 

REGISTRO DIARIO HISTÓRICO
EMISIÓN   : 01/05/2026 

DATOS DISPONIBLES EN LA BASE DE DATOS A: MAY DE 2026; 
CON LA INFORMACIÓN SUMINISTRADA POR LAS UNIDADES ADMINISTRATIVAS 

 ESTACIÓN  : 1035 
 NOMBRE    : SAN FRANCISCO DE LOS VIVEROS 
 ESTADO    : AGUASCALIENTES 
 MUNICIPIO : EL LLANO 
 SITUACIÓN : SUSPENDIDA 
 CVE-OMM   :   
 LATITUD   : 21.91194444 ° 
 LONGITUD  : -102.13 ° 
 ALTITUD   : 2020 msnm 




FECHA		PRECIP	EVAP	TMAX	TMIN
		(mm)	(mm)	(°C )	(°C)
1972-04-01	0	6.2	24	3
1972-04-02	0	7.8	27	2
1972-04-03	0	8.4	28	2
1972-04-04	0	8.4	29	10
1972-04-05	0	6.5	30	9
1972-04-06	0	7.9	32	8
1972-04-07	0	8.9	33	7
1972-04-08	0	8.4	32	8
1972-04-09	0	10.8	30	9
1972-04-10	0	8.3	33	7
1972-04-11	0	7.2	32	9
1972-04-12	0	7.1	32	10
1972-04-13	0	9.8	33	10
1972-04-14	0	10.3	31	9
1972-04-15	0	7.3	30	9
1972-04-16	0	6.6	30	11
1972-04-17	0	6.2	27	10
1972-04-18	0	7.1	27	9
1972-04-19	0	8	30	10
1972-04-20	0	8.2	32	10
1972-04-21	0	7.2	32	9
1972-04-22	0	10	32	11
1972-04-23	0	6.9	31	7
1972-04-24	0	10.1	32	10
1972-04-25	0	10.2	31	9
1972-04-26	0	8.4	30	10
1972-04-27	0	8.7	29	10
1972-04-28	0	9.5	29	11
1972-04-29	0	7.7	31	10
1972-04-30	0	8.8	30	9
1972-05-01	0	6.4	30	9
1972-05-02	0	9.1	30	11
1972-05-03	0	7.8	30	8
1972-05-04	0	7.9	29	8
1972-05-05	0	7.8	30	8
1972-05-06	0	8.2	30	10
1972-05-07	0	9.2	28	9
1972-05-08	0	8.4	30	9
1972-05-09	0	11.7	32	7
1972-05-10	0	9.9	31	6
1972-05-11	0	9.1	31	8
1972-05-12	0	10.2	31	9
1972-05-13	0	8.9	31	10
1972-05-14	0	9.4	32	7
1972-05-15	0	10.9	31	8
1972-05-16	0	8.1	32	11
1972-05-17	0	7.4	33	11
1972-05-18	0	8.3	31	11
1972-05-19	0	7.5	33	10
1972-05-20	0	8.5	32	11
1972-05-21	0	9.4	32	12
1972-05-22	0	9.3	33	16
1972-05-23	0	9.8	32	11
1972-05-24	2	7.3	32	13
1972-05-25	0	9.3	31	10
1972-05-26	25	5.5	28	10
1972-05-27	7	6.4	27	12
1972-05-28	21	5	27	12
1972-05-29	11	6.2	31	12
1972-05-30	5	6.7	25	11
1972-05-31	0	4.8	26	12
1972-06-01	6	9.1	24	11
1972-06-02	3	8.8	23	11
1972-06-03	0	4.7	24	11
1972-06-04	0	5.6	24	13
1972-06-05	0	6	23	11
1972-06-06	3	8.4	22	12
1972-06-07	11	8.2	29	12
1972-06-08	23	9.4	28	13
1972-06-09	0	5	22	13
1972-06-10	0	5.4	25	14
1972-06-11	3.5	7.7	23	15
1972-06-12	5.5	6.7	25	15
1972-06-13	12	7.1	25	13
1972-06-14	0	4.9	26	15
1972-06-15	0	5.1	26	14
1972-06-16	0	7.7	26	14
1972-06-17	0	7.9	24	14
1972-06-18	0	6.8	20	15
1972-06-19	0	6.1	24	14
1972-06-20	0	7.1	23	10
1972-06-21	0	6.3	29	10
1972-06-22	0	6	30	14
1972-06-23	0	8.2	31	17
1972-06-24	0	7.3	29	10
1972-06-25	1.5	8.7	28	10
1972-06-26	0	9.8	29	10
1972-06-27	0	5.9	29	14
1972-06-28	1	9.1	29	14
1972-06-29	0	6.1	28	14
1972-06-30	0	6.3	27	10
1972-07-01	0	7.5	27	12
1972-07-02	6	5.1	29	14
1972-07-03	9	6.3	24	13
1972-07-04	0	7.2	24	13
1972-07-05	0	7.9	25	9
1972-07-06	0	9	26	9
1972-07-07	0	7.1	26	9
1972-07-08	0	7.6	27	10
1972-07-09	0	7.9	22	11
1972-07-10	0	9.4	28	10
1972-07-11	0	8.5	27	9
1972-07-12	0	6.8	28	10
1972-07-13	5	8.6	27	10
1972-07-14	15	7.1	24	13
1972-07-15	24	3.2	24	13
1972-07-16	0	8.4	24	12
1972-07-17	12	7.1	23	13
1972-07-18	4	8.5	25	13
1972-07-19	12	8.8	22	13
1972-07-20	1	10.3	24	12
1972-07-21	0	6.6	25	13
1972-07-22	1	8.6	21	13
1972-07-23	0	6.1	24	14
1972-07-24	0	7.3	22	13
1972-07-25	0	8.7	22	11
1972-07-26	0	7	24	13
1972-07-27	0	6.3	25	14
1972-07-28	0	7.8	24	13
1972-07-29	0	7.9	25	14
1972-07-30	0	8.4	26	11
1972-07-31	0	9	22	9
1972-08-01	0	4.1	28	10
1972-08-02	0	5.7	26	13
1972-08-03	4.2	3.2	28	15
1972-08-04	3	2.8	24	15
1972-08-05	0	4.8	25	16
1972-08-06	0	4.7	28	10
1972-08-07	0	7.1	28	13
1972-08-08	0	5.4	27	10
1972-08-09	0	6	28	10
1972-08-10	0	5.4	28	14
1972-08-11	7	4.6	27	14
1972-08-12	0	5.2	27	11
1972-08-13	0	6.5	29	14
1972-08-14	0	5.3	30	14
1972-08-15	0	6.1	30	11
1972-08-16	0	6.7	29	10
1972-08-17	0	5.9	28	12
1972-08-18	0	6.3	30	10
1972-08-19	0	7.7	30	13
1972-08-20	1	6.8	28	14
1972-08-21	0	6.7	28	13
1972-08-22	0	4.8	30	10
1972-08-23	0	4.4	29	15
1972-08-24	0	6.5	29	14
1972-08-25	7	4	30	12
1972-08-26	1	1.5	27	14
1972-08-27	0	6.7	29	14
1972-08-28	0	3.9	28	11
1972-08-29	0	8.6	28	13
1972-08-30	0	6.5	29	11
1972-08-31	0	7	30	11
1972-10-01	0	4	26	9
1972-10-02	0	5.8	28	11
1972-10-03	0	6.6	27	8
1972-10-04	0	4.9	26	9
1972-10-05	0	5.1	24	9
1972-10-06	0	3.3	27	9
1972-10-07	1	4.7	26	12
1972-10-08	8	3	25	12
1972-10-09	1	5.1	26	13
1972-10-10	0	4.1	25	14
1972-10-11	0	4.7	24	11
1972-10-12	0	5	24	11
1972-10-13	0	6.6	19	12
1972-10-14	0	4.5	24	8
1972-10-15	0	5.2	25	9
1972-10-16	0	4.3	24	9
1972-10-17	0	5.4	28	11
1972-10-18	0	6.2	28	11
1972-10-19	0	4.8	27	10
1972-10-20	0	4	26	9
1972-10-21	0	3.4	25	12
1972-10-22	0	5.5	25	8
1972-10-23	0	6.1	23	10
1972-10-24	0	5.4	26	11
1972-10-25	0	7.5	25	12
1972-10-26	0	6	24	5
1972-10-27	0	6.2	26	6
1972-10-28	0	6.9	26	5
1972-10-29	0	5.2	25	8
1972-10-30	0	6.3	25	9
1972-10-31	0	5.4	26	7
1972-11-01	0	6.4	23	13
1972-11-02	0	7	24	12
1972-11-03	0	7.9	24	13
1972-11-04	0	5.5	21	11
1972-11-05	0	5.3	22	12
1972-11-06	0	4.7	23	13
1972-11-07	0	4.3	24	14
1972-11-08	0	5.9	22	11
1972-11-09	0	4.3	22	10
1972-11-10	0	5.2	24	13
1972-11-11	0	4.4	21	12
1972-11-12	0	4	22	11
1972-11-13	0	5.2	23	12
1972-11-14	0	3.7	23	13
1972-11-15	0	5.1	24	10
1972-11-16	0	4	21	12
1972-11-17	0	4.1	23	14
1972-11-18	0	5.1	24	11
1972-11-19	0	5.9	22	10
1972-11-20	0	5.9	20	12
1972-11-21	2	3.8	21	9
1972-11-22	5	3.3	19	12
1972-11-23	0	3.9	17	13
1972-11-24	0	3	21	13
1972-11-25	0	3.6	23	12
1972-11-26	0	4.7	22	9
1972-11-27	0	6.5	24	13
1972-11-28	0	4.8	21	15
1972-11-29	0	4.6	24	15
1972-11-30	0	5.8	23	9
1972-12-01	0	3.1	26	6
1972-12-02	0	2.9	24	5
1972-12-03	0	6.6	24	6
1972-12-04	0	4.2	23	6
1972-12-05	0	5.2	24	5
1972-12-06	0	4.4	25	3
1972-12-07	0	3.6	24	5
1972-12-08	0	4.2	25	3
1972-12-09	0	3.6	26	3
1972-12-10	0	2.9	28	4
1972-12-11	0	4.2	25	4
1972-12-12	0	4.5	24	3
1972-12-13	0	3.8	23	4
1972-12-14	0	3.6	22	5
1972-12-15	0	4.9	23	5
1972-12-16	0	3.9	15	3
1972-12-17	0	3.2	20	-1
1972-12-18	0	1.8	22	1
1972-12-19	0	3.2	22	6
1972-12-20	0	4.8	23	3
1972-12-21	0	6	14	3
1972-12-22	0	6.9	20	-3
1972-12-23	0	5.1	20	0
1972-12-24	0	5.4	23	3
1972-12-25	0	4.1	19	3
1972-12-26	0	3.1	22	1
1972-12-27	0	3.3	19	0
1972-12-28	0	2.6	19	3
1972-12-29	0	2.5	17	3
1972-12-30	0	2.7	21	2
1972-12-31	0	4.2	23	4
1973-01-01	0	2	18	8
1973-01-02	12	3.2	17	9
1973-01-03	4	2	20	8
1973-01-04	0	3.2	19	2
1973-01-05	0	2.2	23	1
1973-01-06	0	3.8	21	4
1973-01-07	0	4.2	25	1
1973-01-08	0	2.6	22	0
1973-01-09	2	3.4	23	5
1973-01-10	5	3.7	19	7
1973-01-11	2	2	24	8
1973-01-12	0	2.8	23	2
1973-01-13	0	4.3	26	-3
1973-01-14	0	4.5	22	2
1973-01-15	0	5.3	24	-2
1973-01-16	0	4.7	21	1
1973-01-17	0	3.3	25	-3
1973-01-18	0	5.1	23	-4
1973-01-19	0	8.6	26	2
1973-01-20	0	7.3	24	3
1973-01-21	0	7	21	-1
1973-01-22	0	5.8	22	-6
1973-01-23	0	8.3	21	-3
1973-01-24	0	4.3	22	-2
1973-01-25	0	4.7	22	2
1973-01-26	0	7	24	1
1973-01-27	0	5.9	25	-1
1973-01-28	0	6.3	26	-2
1973-01-29	0	3.1	22	1
1973-01-30	0	1.4	20	-1
1973-01-31	0	2.4	22	2
1973-02-01	0	5.1	24	-1
1973-02-02	0	4.3	24.5	-1
1973-02-03	0	7	23	0
1973-02-04	0	7.4	24	1
1973-02-05	0	8	25	3
1973-02-06	0	6.4	23	4
1973-02-07	0	5.6	24	5
1973-02-08	0	5.5	22	3.5
1973-02-09	0	4.9	24.5	0.5
1973-02-10	0	5.6	22	1
1973-02-11	0	7.5	25	4
1973-02-12	0	5.8	24	3
1973-02-13	0	6	23	-1
1973-02-14	0	5.2	24	-2
1973-02-15	0	4.8	21	-1
1973-02-16	15	5.4	18	1
1973-02-17	1	3.2	17	7
1973-02-18	0	2.8	20	10
1973-02-19	1	4.3	16	8
1973-02-20	0	3.5	21	8
1973-02-21	0	4.1	22	9
1973-02-22	0	7.2	23	5
1973-02-23	0	6.4	25	4
1973-02-24	0	4.9	24	7
1973-02-25	0	5.8	24	1
1973-02-26	0	6.4	25	4
1973-02-27	0	4.9	26	5
1973-02-28	0	5.8	26	6
1973-03-01	0	6.1	22	7
1973-03-02	0	6.2	29	11
1973-03-03	0	6.7	22	5
1973-03-04	0	8.9	26	4
1973-03-05	0	7.1	27	6
1973-03-06	0	8	27	4
1973-03-07	0	5.9	27	5
1973-03-08	0	8.3	28	4
1973-03-09	0	10.9	27	7
1973-03-10	0	8.1	28	7
1973-03-11	0	5.9	27	5
1973-03-12	0	6.1	28	5
1973-03-13	0	7.1	28	7
1973-03-14	0	5.3	26	6
1973-03-15	0	4.9	26	7
1973-03-16	0	3.3	22	5
1973-03-17	0	4	25	6
1973-03-18	0	4.1	26	5
1973-03-19	0	6.9	27	8
1973-03-20	0	8.1	28	9
1973-03-21	0	7.7	29	10
1973-03-22	0	9.5	27	8
1973-03-23	0	7.3	27	8
1973-03-24	0	8.8	27	11
1973-03-25	0	7.1	29	5
1973-03-26	0	7	30	7
1973-03-27	0	9.6	31	8
1973-03-28	0	10.6	29	10
1973-03-29	0	9.5	29	14
1973-03-30	0	10.9	27	10
1973-03-31	0	6.6	28	6
1973-04-01	0	7.4	29	4
1973-04-02	0	9.6	28	7
1973-04-03	0	11	30	8
1973-04-04	0	9.9	28	6
1973-04-05	0	8.1	28	7
1973-04-06	0	11.3	30	8
1973-04-07	0	9.3	27	8
1973-04-08	0	7.9	29	10
1973-04-09	0	9.2	28	8
1973-04-10	0	8.9	27	9
1973-04-11	0	9.1	27	9
1973-04-12	0	6	29	7
1973-04-13	0	8	29	10
1973-04-14	0	6.3	31	13
1973-04-15	0	9.4	27	10
1973-04-16	0	7	29	9
1973-04-17	0	6.8	29	14
1973-04-18	0	6.5	27	10
1973-04-19	0	9.7	28	13
1973-04-20	0	8	29	11
1973-04-21	0	7.9	29	9
1973-04-22	0	10.3	30	9
1973-04-23	0	7.6	31	12
1973-04-24	0	9	32	13
1973-04-25	0	9.3	32	15
1973-04-26	0	9.2	31	14
1973-04-27	0	9.9	30	12
1973-04-28	0	8.7	32	10
1973-04-29	0	10.3	30	13
1973-04-30	0	11.7	32	11
1973-05-01	0	7.4	30	10
1973-05-02	0	8.6	33	14
1973-05-03	0	6.5	30	13
1973-05-04	3	5.2	30	13
1973-05-05	0	8.9	30	11
1973-05-06	0	7.4	29	9
1973-05-07	0	8.2	30	13
1973-05-08	0	10.5	31	12
1973-05-09	0	8.9	32	9
1973-05-10	0	7.6	32	10
1973-05-11	0	10	33	11
1973-05-12	1	9.5	32	13
1973-05-13	1	7.8	30	11
1973-05-14	3	6.1	27	8
1973-05-15	0	8.3	24	11
1973-05-16	0	5.6	26	9
1973-05-17	0	7.1	21	12
1973-05-18	1	6.6	23	10
1973-05-19	0	6.2	27	13
1973-05-20	0	6.1	27	8
1973-05-21	0	8.2	30	11
1973-05-22	0	8.9	31	12
1973-05-23	0	10.1	33	13
1973-05-24	0	9.9	32	12
1973-05-25	0	9.7	33	14
1973-05-26	0	10.5	34	16
1973-05-27	0	10.7	32	12
1973-05-28	7	4.6	34	13
1973-05-29	0	10.7	31	13
1973-05-30	0	10.2	27	10
1973-05-31	0	8.6	30	11
1973-06-01	0	7.3	31	14
1973-06-02	0	9.3	32	12
1973-06-03	0	9.4	33	14
1973-06-04	0	10.6	34	11
1973-06-05	0	8.1	33	11
1973-06-06	0	10.3	29	12
1973-06-07	0	8.7	26	12
1973-06-08	0	10.7	25	12
1973-06-09	0	9.4	22	12
1973-06-10	0	8.6	24	10
1973-06-11	0	8.8	26	10
1973-06-12	0	7.7	28	9
1973-06-13	0	8.2	30	12
1973-06-14	0	9.4	25	11
1973-06-15	0	8.9	32	11
1973-06-16	0	7.6	32	12
1973-06-17	0	7.6	33	13
1973-06-18	13	7	31	14
1973-06-19	0	9	28	14
1973-06-20	17	5	27	13
1973-06-21	5.5	6.7	22	13
1973-06-22	20.8	5.9	18	13
1973-06-23	10.5	5.4	20	12
1973-06-24	16	4	22	13
1973-06-25	22.4	3.6	24	14
1973-06-26	2	6.2	21	13
1973-06-27	5	6.2	23	10
1973-06-28	7	4.9	22	11
1973-06-29	0	7.5	28	14
1973-06-30	18.5	4.2	27	13
1973-07-01	6	4.2	24	15
1973-07-02	6.2	5.1	22	12.5
1973-07-03	7.5	3.7	23	13
1973-07-04	24	3	24	14
1973-07-05	21.4	3.2	20	13
1973-07-06	1	4.7	26	12
1973-07-07	6.2	3.8	21	13
1973-07-08	62	2.9	22	13
1973-07-09	14.5	4.3	23	13
1973-07-10	0	6.4	25	13
1973-07-11	0	5.8	26	12
1973-07-12	0	5.5	24	11
1973-07-13	0	3.9	27	11
1973-07-14	0	7.4	29	12
1973-07-15	2.4	4.7	30	14
1973-07-16	2.1	5	26	13
1973-07-17	0	6.3	27	13
1973-07-18	0	7.6	27	12
1973-07-19	0	8.1	29	13
1973-07-20	0	7	30	10
1973-07-21	0	8.2	27	12
1973-07-22	0	6.6	30	15
1973-07-23	0	6.8	29	14
1973-07-24	0	8.5	31	12
1973-07-25	0	7.2	28	14
1973-07-26	0	6.6	26	13
1973-07-27	0	7.6	27	14
1973-07-28	0	8.3	29	15
1973-07-29	7.4	5.2	27	13
1973-07-30	0	4.7	24	15
1973-07-31	0	5.4	26	13
1973-08-01	0	4.1	26	14
1973-08-02	0	5.8	27	15
1973-08-03	4	6.3	26	13
1973-08-04	0	7	26	14
1973-08-05	0	6.8	26	12
1973-08-06	37	3.8	25	12
1973-08-07	9	5.2	24	13
1973-08-08	21	5	23	12
1973-08-09	10	5.7	24	14
1973-08-10	33	4.7	22	13
1973-08-11	7	3.8	23	13
1973-08-12	2.5	4.1	20	14
1973-08-13	10.1	3.3	21	14
1973-08-14	49.2	2.6	20	13
1973-08-15	47	3.1	21	13
1973-08-16	14.5	3.3	21	12
1973-08-17	4	3	24	12
1973-08-18	14.3	4.7	20	13
1973-08-19	0	4.3	23	11
1973-08-20	0	6.6	24	15
1973-08-21	0	5.9	26	11
1973-08-22	0	6.9	24	10
1973-08-23	0	7.4	26	10
1973-08-24	0	8	23	11
1973-08-25	0	7.4	24	12
1973-08-26	0	6.2	22	14
1973-08-27	4.5	6.4	24	11
1973-08-28	3	4.8	25	12
1973-08-29	0	5.5	24	13
1973-08-30	0	5.8	26	15
1973-08-31	0	7.8	26	10
1973-09-01	0	6.1	28	9
1973-09-02	0	6.5	29	12
1973-09-03	0	6.1	28	13
1973-09-04	0	3.5	29	14
1973-09-05	0	6.4	30	13
1973-09-06	0	5	29	15
1973-09-07	0	6.5	30	14
1973-09-08	0	5.2	28	14
1973-09-09	0	5.8	28	13
1973-09-10	0	6.2	24	12
1973-09-11	0	4.9	24	10
1973-09-12	0	5.4	29	10
1973-09-13	0	7.5	26	12
1973-09-14	25	5.7	26	10
1973-09-15	10	6.4	25	13
1973-09-16	18	6.1	22	13
1973-09-17	8	4.4	22	12
1973-09-18	0	6.6	24	13
1973-09-19	0	4.8	22	10
1973-09-20	0	6.7	24	10
1973-09-21	0	5.8	25	9
1973-09-22	35	8.1	21	13
1973-09-23	1	6.2	22	12
1973-09-24	0	4.4	23	10
1973-09-25	0	6.1	26	9
1973-09-26	0	4.8	26	10
1973-09-27	0	4.3	22	12
1973-09-28	0	2.8	25	11
1973-09-29	0	4.1	26	9
1973-09-30	0	5.2	26	10
1973-10-01	0	5.6	25	11
1973-10-02	0	5	25	10
1973-10-03	0	6	24	11
1973-10-04	0	5.8	26	10
1973-10-05	0	6.6	26	9
1973-10-06	0	6.4	25	9
1973-10-07	0	5.8	26	10
1973-10-08	0	7.1	27	10
1973-10-09	0	6	28	9
1973-10-10	0	4.8	27	9
1973-10-11	0	6.2	25	10
1973-10-12	8	4.4	24	13
1973-10-13	4.5	3.2	25	14
1973-10-14	0	4.2	25	14
1973-10-15	0	4	26	12
1973-10-16	15	3.3	24	9
1973-10-17	0	4.9	21	11
1973-10-18	0	3	20	11
1973-10-19	0	3	21	10
1973-10-20	0	5.5	22	9
1973-10-21	0	6.3	22	8
1973-10-22	0	5.7	23	5
1973-10-23	0	6.4	23	8
1973-10-24	0	6.5	25	9
1973-10-25	0	6.9	27	10
1973-10-26	4	5.7	26	10
1973-10-27	0	4.8	25	12
1973-10-28	15	5.2	22	11
1973-10-29	0	4.8	21	9
1973-10-30	5	5	25	10
1973-10-31	0	4.7	24	11
1973-11-01	0	5.1	23	7
1973-11-02	0	6.7	25	7
1973-11-03	0	4.9	27	6
1973-11-04	0	4.4	27	9
1973-11-05	0	5.6	28	10
1973-11-06	0	5.3	27	8
1973-11-07	0	6.7	22	6
1973-11-08	0	5.2	28	5
1973-11-09	0	5.5	25	6
1973-11-10	0	4.7	22	6
1973-11-11	0	4	23	6
1973-11-12	0	4.7	22	7
1973-11-13	0	5.5	23	3
1973-11-14	0	6.7	25	4
1973-11-15	0	7	24	4
1973-11-16	0	7.1	25	2
1973-11-17	0	5.6	24	8
1973-11-18	0	6.6	23	4
1973-11-19	0	5.9	23	5
1973-11-20	0	4.8	23	5
1973-11-21	0	3.3	23	4
1973-11-22	0	4.7	24	5
1973-11-23	0	4.2	24	3
1973-11-24	0	3.9	23	3
1973-11-25	0	5.8	23	2
1973-11-26	0	6.1	23	5
1973-11-27	0	5	23	4
1973-11-28	0	6.4	22	3
1973-11-29	0	5.4	20	2
1973-11-30	0	4.2	21	-1
1973-12-01	0	2.7	21	1
1973-12-02	0	3.1	21	1
1973-12-03	0	4.3	22	1
1973-12-04	0	4.3	22	-2
1973-12-05	0	5	22	-3
1973-12-06	0	3.3	24	-1
1973-12-07	0	2.4	21	4
1973-12-08	0	4	21	-1
1973-12-09	0	5.3	22	1
1973-12-10	0	2	18	2
1973-12-11	0	2	20	1
1973-12-12	0	2.3	22	0
1973-12-13	0	1.9	23	7
1973-12-14	0	4.3	23	-1
1973-12-15	0	3.2	23	-1
1973-12-16	0	3.8	20	-2
1973-12-17	0	2.2	23	-2
1973-12-18	0	2.2	20	-3
1973-12-19	0	3.1	20	-1
1973-12-20	0	4.4	19	1
1973-12-21	0	2.7	17	-3
1973-12-22	0	2.9	20	-3
1973-12-23	0	4.7	19	-1
1973-12-24	0	5	18	2
1973-12-25	0	1.7	17	1
1973-12-26	0	3.9	19	2
1973-12-27	0	3.7	20	-2
1973-12-28	0	3.2	21	-1
1973-12-29	0	3.7	18	1
1973-12-30	0	2.5	19	-1
1973-12-31	0	4.3	20	2
1974-01-01	0	4.2	22	2
1974-01-02	0	3.2	21	1
1974-01-03	0	4.3	23	0
1974-01-04	0	4.6	22	1
1974-01-05	0	3.2	24	-1
1974-01-06	0	3.4	23	0
1974-01-07	0	3.5	26	3
1974-01-08	0	5	25	4
1974-01-09	0	4.6	23	3
1974-01-10	0	4.7	24	5
1974-01-11	0	4.9	26	4
1974-01-12	0	6.5	25	6
1974-01-13	0	5.6	23	4
1974-01-14	0	5	25	3
1974-01-15	0	4.6	24	5
1974-01-16	0	4.1	23	4
1974-01-17	0	6	21	3
1974-01-18	0	4.3	20	2
1974-01-19	0	4.1	22	1
1974-01-20	0	3.2	21	0
1974-01-21	0	3	23	1
1974-01-22	0	4.6	22	2
1974-01-23	0	4.9	24	4
1974-01-24	0	4.3	23	3
1974-01-25	0	5	23	4
1974-01-26	0	4.6	22	2
1974-01-27	0	6.2	24	1
1974-01-28	0	4.4	23	-1
1974-01-29	0	3.8	22	-1
1974-01-30	0	4.3	24	0
1974-01-31	0	4.2	23	3
1974-02-01	0	6.5	25	2
1974-02-02	0	6	24	5
1974-02-03	0	5.3	22	4
1974-02-04	0	4.1	23	2
1974-02-05	0	4.2	22	0
1974-02-06	0	4.9	21	-2
1974-02-07	0	4.4	23	-2
1974-02-08	0	5.8	23	3
1974-02-09	0	5.3	21	-1
1974-02-10	0	4.4	22	2
1974-02-11	0	5.8	25	3
1974-02-12	0	4.5	25	1
1974-02-13	0	3.8	26	2
1974-02-14	0	5.2	23	1
1974-02-15	0	8.2	24	3
1974-02-16	0	8.2	25	2
1974-02-17	0	5.4	24	2
1974-02-18	0	4.1	25	2
1974-02-19	0	4.4	23	1
1974-02-20	0	7.2	24	-1
1974-02-21	0	6.3	26	-3
1974-02-22	0	5.4	24	2
1974-02-23	0	6.3	23	2
1974-02-24	0	4.6	25	4
1974-02-25	0	5.7	22	3
1974-02-26	0	3.6	21	-1
1974-02-27	0	4.1	24	1
1974-02-28	0	5.3	25	4
1974-03-01	0	9.4	23	6
1974-03-02	0	4	26	9
1974-03-03	0	2.2	26	7
1974-03-04	0	4.7	27	8
1974-03-05	0	6.9	28	8.5
1974-03-06	0	5.3	28	6
1974-03-07	0	7.4	25	6.5
1974-03-08	0	8	24	10
1974-03-09	0	5.3	26	7
1974-03-10	0	7.7	26	9
1974-03-11	0	2.3	27	7
1974-03-12	0	5.3	25	4
1974-03-13	0	6.5	25	8
1974-03-14	0	7	25	6
1974-03-15	0	6	25	6
1974-03-16	0	4.3	22	7
1974-03-17	0	3.9	25	5
1974-03-18	0	5.3	23	3
1974-03-19	0	3.6	25	10
1974-03-20	0	6.1	25	7
1974-03-21	0	9.1	27	3
1974-03-22	0	7.8	28	5
1974-03-23	0	9	27	3
1974-03-24	0	7.6	27	4
1974-03-25	0	10.7	25	7
1974-03-26	0	3.6	27	8
1974-03-27	0	6.2	27	9
1974-03-28	0	6.5	29	4
1974-03-29	0	8.7	30	5
1974-03-30	0	8.2	30	10
1974-03-31	0	7.6	28	4
1974-04-01	0	10.5	28	3
1974-04-02	0	10.6	26	4
1974-04-03	0	6.4	28	6
1974-04-04	0	7.2	30	2
1974-04-05	0	8.3	29	6
1974-04-06	0	6.8	27	4
1974-04-07	0	8.7	29	5
1974-04-08	0	7.4	29	8
1974-04-09	0	6.5	27	7
1974-04-10	0	9.4	27	7
1974-04-11	0	8.8	28	8
1974-04-12	0	8.5	28	4
1974-04-13	0	4.8	29	3
1974-04-14	0	8.6	28	7
1974-04-15	0	4.9	27	7
1974-04-16	0	4.4	26	8
1974-04-17	0	7.1	26	4
1974-04-18	0	9.4	25	9
1974-04-19	0	7.6	27	8
1974-04-20	0	8.7	29	4
1974-04-21	0	6	30	5
1974-04-22	0	11	31	6
1974-04-23	0	9.3	29	14
1974-04-24	0	8	25	10
1974-04-25	0	10.2	28	9
1974-04-26	0	6.1	29	8
1974-04-27	0	7.8	30	10
1974-04-28	0	6.5	27	6
1974-04-29	0	8.2	27	8
1974-04-30	0	7.6	28	12
1974-05-01	0	7.5	27	10
1974-05-02	0	7.2	27	11
1974-05-03	0	8.1	30	12
1974-05-04	0	8.8	13	11
1974-05-05	0	7.1	30	12
1974-05-06	0	6.3	28	11
1974-05-07	0	7.8	28	12
1974-05-08	0	4.9	32	13
1974-05-09	0	6.2	30	10
1974-05-10	0	7.8	28	9
1974-05-11	0	9.2	31	8
1974-05-12	0	7.5	31	10
1974-05-13	0	6.5	31	13
1974-05-14	0	8.4	32	12
1974-05-15	0	7.7	28	15
1974-05-16	0	7.6	33	14
1974-05-17	0	7.5	29	13
1974-05-18	0	8.7	29	12
1974-05-19	0	6.9	28	12
1974-05-20	0	6.4	32	13
1974-05-21	0	8.1	32	11
1974-05-22	0	8.7	29	12
1974-05-23	0	6.6	28	11
1974-05-24	0	8.1	30	11
1974-05-25	0	6.1	31	12
1974-05-26	0	8.2	28	12
1974-05-27	0	7.1	28	11
1974-05-28	0	8.1	28	12
1974-05-29	10	9.3	29	10
1974-05-30	0	6.1	28	10
1974-05-31	0	6.2	27	10
1974-06-01	0	8.4	30	11
1974-06-02	0	7.1	26	12
1974-06-03	0	6.2	29	9
1974-06-04	0	7.4	29	11
1974-06-05	0	6.6	32	12
1974-06-06	0	7.7	30	14
1974-06-07	0	8	31	14
1974-06-08	0	6.2	32	11
1974-06-09	0	7.1	32	10
1974-06-10	0	6.1	31	12
1974-06-11	0	5.7	28	9
1974-06-12	0	6.8	27	12
1974-06-13	0	5.1	28	12
1974-06-14	0	7.2	29	10
1974-06-15	0	9.6	26	13
1974-06-16	0	8.1	32	13
1974-06-17	0	7.4	26	12
1974-06-18	0	5.6	26	9
1974-06-19	0	4.8	28	10
1974-06-20	0	3.3	26	11
1974-06-21	0	6.3	23	11
1974-06-22	0	7.4	28	11
1974-06-23	4	8.2	25	12
1974-06-24	0	7.2	21	12
1974-06-25	0	6.4	25	11
1974-06-26	0	5.9	27	10
1974-06-27	0	6	26	11
1974-06-28	0	6.1	27	8
1974-06-29	14	5.5	28	9
1974-06-30	0	4.8	28	13
1974-07-01	0	6.4	25	9
1974-07-02	0	7.8	22	11
1974-07-03	0	8.5	26	10
1974-07-04	0	9.1	27	13
1974-07-05	0	7.2	25	14
1974-07-06	4	6.6	25	14
1974-07-07	0	5.6	16	12
1974-07-08	4	6.8	24	11
1974-07-09	26	7.4	25	11
1974-07-10	19	6.7	27	11
1974-07-11	4	5.1	27	11
1974-07-12	12	6.4	28	10
1974-07-13	0	7.7	28	12
1974-07-14	0	5.6	24	8
1974-07-15	0	8.7	26	8
1974-07-16	0	6.7	26	8
1974-07-17	8	5.5	24	12
1974-07-18	18	4.7	27	12
1974-07-19	0	5.9	22	13
1974-07-20	0	6.6	27.5	9
1974-07-21	0	7.8	30	8
1974-07-22	0	6.1	29	9
1974-07-23	0	5.6	27	14
1974-07-24	0	6.8	26	13
1974-07-25	0	5.7	26	9
1974-07-26	0	6.8	26	10
1974-07-27	0	7	25	12
1974-07-28	0	5.2	27	11
1974-07-29	1	6.8	28	9
1974-07-30	4	6	27	9
1974-07-31	0	5.7	28	11.5
1974-08-01	0	5.1	23	11
1974-08-02	0	4.9	25	9
1974-08-03	0	5.3	26	12
1974-08-04	0	4.6	25	12
1974-08-05	0	6.2	24	11
1974-08-06	0	5.3	23	13
1974-08-07	0	4.7	25	10
1974-08-08	0	6.4	26	12
1974-08-09	0	5.8	24	14
1974-08-10	0	6.1	24	11
1974-08-11	0	5.9	25	12
1974-08-12	0	7.1	25	12
1974-08-13	0	7.4	24	11
1974-08-14	0	5.3	26	12
1974-08-15	0	6.2	25	13
1974-08-16	0	4.9	24	13
1974-08-17	0	4.6	24	11
1974-08-18	0	5.4	27	12
1974-08-19	1.5	4.8	24	13
1974-08-20	0	6.7	25	11
1974-08-21	0	6.4	25	10
1974-08-22	0	7.2	26	10
1974-08-23	0	8.3	26	11
1974-08-24	11.5	6.4	24	10
1974-08-25	9	4.1	25	12
1974-08-26	3.5	6.9	23	13
1974-08-27	4	5.3	21	12
1974-08-28	1	4.2	22	10
1974-08-29	0	7.6	25	11
1974-08-30	0	3.9	26	12
1974-08-31	0	5.7	26	10
1974-09-01	2	5.7	26	10
1974-09-02	0	6.1	26	13
1974-09-03	1.5	4.3	20	12
1974-09-04	0	6.3	26	10
1974-09-05	0	5.1	25	11
1974-09-06	0	5.3	26	10
1974-09-07	0	6.5	26	12
1974-09-08	0	8.1	25	12
1974-09-09	0	8.1	25	10
1974-09-10	0	6.6	26	9
1974-09-11	0	5.1	26	11
1974-09-12	0	6.5	25	10
1974-09-13	0	4.3	24	11
1974-09-14	0	5.8	25	12
1974-09-15	0	5.5	23	11
1974-09-16	0	5.8	24	12
1974-09-17	0.5	7.4	24	12
1974-09-18	0	4.4	25	12
1974-09-19	0	5.5	23	11
1974-09-20	0	6.4	24	9
1974-09-21	0	7.3	25	11
1974-09-22	11	5.1	23	13
1974-09-23	5	5.2	24	11
1974-09-24	7	4.8	20	12
1974-09-25	0	4.9	25	12
1974-09-26	0	6.4	24	11
1974-09-27	0	8.5	23	12
1974-09-28	57	3.7	20	11
1974-09-29	0	7.6	26	12
1974-09-30	0	8.5	25	10
1974-10-01	0	6.6	24	9
1974-10-02	14	6	23	8
1974-10-03	0	5.7	24	7
1974-10-04	0	6.5	25	8
1974-10-05	0	6.7	25	10
1974-10-06	0	7.5	24	7
1974-10-07	0	7	23	6
1974-10-08	0	6.9	25	8
1974-10-09	0	6.5	24	7
1974-10-10	0	7.1	24	7
1974-10-11	0	5.8	23	6
1974-10-12	0	5.6	26	8
1974-10-13	0	5.5	26	8
1974-10-14	0	6.3	25	10
1974-10-15	0	7.2	22	7
1974-10-16	11.2	5.5	20	10
1974-10-17	10.5	6.4	21	9
1974-10-18	0	5.8	23	8
1974-10-19	0	3.6	24	7
1974-10-20	0	5.9	26	9
1974-10-21	0	6.7	23	7
1974-10-22	0	6.3	24	8
1974-10-23	0	7	25	11
1974-10-24	0	5.5	26	9
1974-10-25	0	7	25	11
1974-10-26	0	6.2	23	7
1974-10-27	0	6.4	24	6
1974-10-28	0	6.7	25	8
1974-10-29	0	5.9	24	7
1974-10-30	0	6.8	22	9
1974-10-31	0	7.6	25	8
1974-11-01	0	4.9	26	10
1974-11-02	0	4.6	28	8
1974-11-03	0	3.9	26	9
1974-11-04	0	5.6	24	7
1974-11-05	0	4.5	25	5
1974-11-06	0	4.9	23	8
1974-11-07	0	6.4	25	8
1974-11-08	0	5.4	23	6
1974-11-09	0	4.8	26	5
1974-11-10	0	3.4	24	7
1974-11-11	0	4.9	22	9
1974-11-12	0	5.2	20	6
1974-11-13	0	4.8	20	1
1974-11-14	0	4.1	23	1.5
1974-11-15	0	3.9	22	3
1974-11-16	0	5.1	25	4
1974-11-17	0	4.6	23	6
1974-11-18	0	4.3	26	5
1974-11-19	0	3.1	24	6
1974-11-20	0	3.2	21	3
1974-11-21	0	4.9	20	1
1974-11-22	0	4.7	19	0
1974-11-23	0	5.2	21	-2
1974-11-24	0	5	23	1
1974-11-25	0	4.2	25	4
1974-11-26	0	3.2	24	5
1974-11-27	0	2.4	21	3
1974-11-28	0	3.2	20	2
1974-11-29	0	3.1	22	-1
1974-11-30	0	4.2	24	0.5
1974-12-01	0	3.8	25	9
1974-12-02	0	5.6	21	7
1974-12-03	0	6.8	22	5
1974-12-04	0	5.1	23	4.5
1974-12-05	0	4.9	25	5
1974-12-06	0	3.4	25	4
1974-12-07	0	4.8	20	3
1974-12-08	0	5.1	23	2
1974-12-09	4	6.8	20	4
1974-12-10	0	4.8	21	3
1974-12-11	0	5.7	22	4
1974-12-12	5	6.8	20	4
1974-12-13	1	3.7	25	3
1974-12-14	0	3	21	5
1974-12-15	0	5.7	22	3
1974-12-16	0	4.7	21	4
1974-12-17	0	4	22	3
1974-12-18	0	6.2	21	4
1974-12-19	0	3.1	26	3
1974-12-20	0	4.7	24	3
1974-12-21	0	3.2	22	6
1974-12-22	0	5.6	18	4
1974-12-23	0	5.8	19	2
1974-12-24	0	6	20	-1
1974-12-25	0	5.5	21	3
1974-12-26	0	3.8	25	5
1974-12-27	10	4.4	23	7.5
1974-12-28	0	3.4	22.5	7
1974-12-29	0	3.6	22	5
1974-12-30	0	3.6	23	4.5
1974-12-31	0	6.7	24	5
1975-01-01	0	5.2	21	3.5
1975-01-02	0	4.5	22	2
1975-01-03	0	3	21	1
1975-01-04	0	3.1	22	5
1975-01-05	0	4.6	20	5
1975-01-06	0	3.6	23	3
1975-01-07	0	4.3	21	4
1975-01-08	0	4.3	22	7
1975-01-09	0	5.4	22	2
1975-01-10	0	6.2	21	2
1975-01-11	0	4.4	23	-2
1975-01-12	0	4.6	23	-3
1975-01-13	0	4.3	19	-2
1975-01-14	0	3.9	22	-3
1975-01-15	0	4.2	21	-3
1975-01-16	0	3	22	2
1975-01-17	0	4.6	24	1
1975-01-18	4	2.9	18	3
1975-01-19	11	3.3	17	5
1975-01-20	9	3.5	19	7
1975-01-21	0	4.9	16	6
1975-01-22	0	3.5	23	6
1975-01-23	0	4.3	17	2
1975-01-24	0	4.8	21	4
1975-01-25	0	5.1	20	4
1975-01-26	0	5.8	25	5
1975-01-27	0	6	21	2
1975-01-28	0	6.8	24	3
1975-01-29	0	6.8	26	4
1975-01-30	0	6.4	24	5
1975-01-31	0	5.3	25	6
1975-02-01	0	6.6	23	8
1975-02-02	0	5.5	23	6
1975-02-03	0	6.3	24	4
1975-02-04	0	6.9	24	4
1975-02-05	0	5.6	22	0
1975-02-06	0	4.9	23	2
1975-02-07	0	6.3	23	2
1975-02-08	0	7.2	22	0
1975-02-09	0	6.1	22	0
1975-02-10	0	4.7	24	0
1975-02-11	0	6.2	22	1
1975-02-12	0	4.7	21	1
1975-02-13	0	7	21	6
1975-02-14	0	6.4	24	7
1975-02-15	0	7.1	22	2
1975-02-16	0	6.9	23	0
1975-02-17	0	5.4	25	0
1975-02-18	0	7.1	24	2
1975-02-19	0	4.7	21	6
1975-02-20	0	6.8	16	7
1975-02-21	0	4.3	21	2
1975-02-22	0	3.8	22	0
1975-02-23	0	6.4	25	2
1975-02-24	0	7.7	21	2
1975-02-25	0	6.8	24	3
1975-02-26	0	6.5	23	1
1975-02-27	0	7	26	1
1975-02-28	0	6.3	24	6
1975-03-01	0	5.1	23	3
1975-03-02	0	5.4	27	4
1975-03-03	0	7.9	27	2
1975-03-04	0	6.5	28	0
1975-03-05	0	7	26	1
1975-03-06	0	5.7	29	0
1975-03-07	0	9.1	25	4
1975-03-08	0	5.8	27	6
1975-03-09	0	9.7	28	6
1975-03-10	0	3.2	26	6
1975-03-11	0	10.6	25	3
1975-03-12	0	4.8	26	2
1975-03-13	0	5.5	27	0
1975-03-14	0	10.7	28	2
1975-03-15	0	8.6	28	4
1975-03-16	0	6.8	29	4
1975-03-17	0	8	29	4
1975-03-18	0	9.2	29	4
1975-03-19	0	5.1	29	3
1975-03-20	0	8.4	29	5
1975-03-21	0	7.5	30	4
1975-03-22	0	9.6	30	0
1975-03-23	0	10.2	28	3
1975-03-24	0	6.7	26	2
1975-03-25	0	8.3	26	5
1975-03-26	0	8.4	28	5
1975-03-27	0	5.2	27	10
1975-03-28	0	2	28	5
1975-03-29	0	15.3	28	3
1975-03-30	0	10.8	29	4
1975-03-31	0	11.4	24	10
1975-04-01	0	7.4	30	5
1975-04-02	0	6.9	32	5
1975-04-03	0	8.4	30	9
1975-04-04	0	5.7	31	8
1975-04-05	0	6.9	32	10
1975-04-06	0	7.7	32	10
1975-04-07	0	8.8	28	10
1975-04-08	0	9	27	4
1975-04-09	0	7.1	28	7
1975-04-10	0	7.1	29	7
1975-04-11	0	6.9	31	5
1975-04-12	0	5.4	31	7
1975-04-13	0	10	30	6
1975-04-14	0	11	32	11
1975-04-15	0	9.4	32	11
1975-04-16	0	9.6	32	10
1975-04-17	0	7.7	32	10
1975-04-18	0	6.2	32	9
1975-04-19	0	6.4	32	9
1975-04-20	0	5.8	32	8
1975-04-21	0	9	32	8
1975-04-22	0	10.5	30	9
1975-04-23	0	9.7	32	9
1975-04-24	0	7.6	33	9
1975-04-25	0	8.9	33	9
1975-04-26	0	8.1	31	9
1975-04-27	0	9.7	31	10
1975-04-28	0	10.2	30	7
1975-04-29	0	11	29	5
1975-04-30	0	8.9	32	5
1975-05-01	0	10.3	30	8
1975-05-02	0	8.2	30	8
1975-05-03	0	10.1	32	10
1975-05-04	0	8.3	31	8
1975-05-05	0	9.5	31	10
1975-05-06	0	10.4	30	12
1975-05-07	0	9.8	31	9
1975-05-08	0	10.2	30	11
1975-05-09	0	10.9	30	12
1975-05-10	0	8.1	32	10
1975-05-11	0	9.8	31	10
1975-05-12	0	7.5	31	11
1975-05-13	0	7.4	31	9
1975-05-14	0	8.1	32	12
1975-05-15	0	10.8	31	10
1975-05-16	0	8.6	29	12
1975-05-17	0	9.7	29	9
1975-05-18	0	8.7	29	9
1975-05-19	0	9.4	30	11
1975-05-20	12.5	7.4	28	11
1975-05-21	0	11.5	29	12
1975-05-22	0	9.4	29	10
1975-05-23	0	10	30	11
1975-05-24	0	9	30	12
1975-05-25	2	7.2	29	13
1975-05-26	0	10.1	28	14
1975-05-27	0	9.7	29	12
1975-05-28	0	8.1	28	13
1975-05-29	0	8.6	28	11
1975-05-30	0	8.7	30	10
1975-05-31	0	11.1	29	12
1975-06-01	0	5.8	24.5	12
1975-06-02	0	4.3	26	11
1975-06-03	0	5.2	27.5	10
1975-06-04	0	4.2	24	12
1975-06-05	0	4	22	13
1975-06-06	0	5.1	23	11
1975-06-07	0	5.7	24	9
1975-06-08	0	5	25.5	8
1975-06-09	0	3.8	26.5	10
1975-06-10	0	4.2	27	12
1975-06-11	0	5.7	26	12.5
1975-06-12	0	4.7	25	11
1975-06-13	3	5.6	23	12.5
1975-06-14	4	5.6	26	12
1975-06-15	0	6	23	13
1975-06-16	1.3	6.9	21	12.5
1975-06-17	0	5.7	22	11
1975-06-18	12.5	6.4	25	9
1975-06-19	11.4	6.4	25.5	10
1975-06-20	0	5.9	24	12
1975-06-21	0	5.7	23	11
1975-06-22	4	5.8	22	9.5
1975-06-23	4.5	6.4	23	10
1975-06-24	6.5	6.2	26	11.5
1975-06-25	0	5.3	24.5	13
1975-06-26	0	4.4	24	10
1975-06-27	7.1	4.7	25	11
1975-06-28	0	6.4	20	12
1975-06-29	0	5.7	26.5	13
1975-06-30	0	5.6	27	14
1975-07-01	0	8.9	27	12
1975-07-02	0	7.5	28	11
1975-07-03	0	9.7	25	12
1975-07-04	0	7.1	24	11
1975-07-05	0	6.8	25	9
1975-07-06	0	8	25	8
1975-07-07	0	6.8	23	9
1975-07-08	0	7.3	27	10
1975-07-09	0	7.3	26	11
1975-07-10	14	6.3	23	13
1975-07-11	1.4	6.6	27	11
1975-07-12	1.5	6	26	13
1975-07-13	0	7.2	22	12
1975-07-14	39	4.3	21	12
1975-07-15	40	4.3	19	14
1975-07-16	36	4.1	20	13
1975-07-17	4	5.3	22	11
1975-07-18	7	6.4	20	11
1975-07-19	6	7.2	22	12
1975-07-20	4.6	7.3	23	12
1975-07-21	0	5.6	24	9
1975-07-22	0	6.6	25	11
1975-07-23	2	5.1	23	10
1975-07-24	0	5.9	25	12
1975-07-25	1.2	5	24	10
1975-07-26	0	5.9	24	12
1975-07-27	19.4	7.5	19	12
1975-07-28	0	7.1	24	11
1975-07-29	0	6.2	25	12
1975-07-30	0	6.5	26	11
1975-07-31	0	7.6	24	11
1975-08-01	0	5.8	26	12
1975-08-02	1.5	5.3	27	13
1975-08-03	0	5.1	26	10
1975-08-04	0	6.9	26	11
1975-08-05	27	4.1	25	13
1975-08-06	1.2	5.6	22	13
1975-08-07	4	3.8	22	13
1975-08-08	24.3	4.2	21	14
1975-08-09	8	5.8	25	9
1975-08-10	11	3.1	23	13
1975-08-11	11.2	2.9	24	11
1975-08-12	0	3.4	21	12
1975-08-13	0	2.8	22	13
1975-08-14	0	5.4	23	11
1975-08-15	0	6.2	25	11
1975-08-16	11.3	7.8	25	11
1975-08-17	0	6.4	23	10
1975-08-18	1.1	5.5	23	11
1975-08-19	0	6.2	23	12
1975-08-20	0	6.2	23	12
1975-08-21	0	7.7	22	10
1975-08-22	0	8	23	12
1975-08-23	0	6.3	24	12
1975-08-24	1.3	5.7	24	12
1975-08-25	0	4.7	24	11
1975-08-26	43.4	5.3	24	12
1975-08-27	11	6.1	22	12
1975-08-28	0	6.9	23	11
1975-08-29	0	5.9	22	11
1975-08-30	0	7.8	26	12
1975-08-31	0	5.3	25	12
1975-09-01	0	6.4	22	12
1975-09-02	4	5.8	21	11
1975-09-03	0	7.8	23	12
1975-09-04	0	5.6	22	10
1975-09-05	0	5.7	23	13
1975-09-06	0	6.1	25	11
1975-09-07	0	6.2	23	11
1975-09-08	0	6.7	22	12
1975-09-09	0	7.7	22	12
1975-09-10	0	6.6	26	14
1975-09-11	0	5.1	22	13
1975-09-12	0	5.1	22	13
1975-09-13	0	6.7	21	13
1975-09-14	0	7.8	23	11
1975-09-15	0	7.5	24	10
1975-09-16	0	8	26	11
1975-09-17	0	7	26	12
1975-09-18	0	6.7	27	10
1975-09-19	0	5.6	26	13
1975-09-20	0	5.8	23	11
1975-09-21	0	6.9	25	10
1975-09-22	0	8.1	21	9
1975-09-23	0	7.8	22	11
1975-09-24	0	7.1	21	7
1975-09-25	0	6.9	22	5
1975-09-26	0	6.4	24	5
1975-09-27	0	6	24	8
1975-09-28	0	5.9	25	10
1975-09-29	0	5.7	24	11
1975-09-30	0	8.1	25	10
1975-10-01	0	4.8	24	8
1975-10-02	0	5	22	9
1975-10-03	0	7.5	21	6
1975-10-04	0	5.3	23	6
1975-10-05	0	6.5	22	7
1975-10-06	0	5	22	6
1975-10-07	0	6.1	24	4
1975-10-08	0	5.7	24	4
1975-10-09	0	6.1	25	5
1975-10-10	0	3.2	24	9
1975-10-11	0	5.2	22	7
1975-10-12	0	6.1	23	6
1975-10-13	0	4.8	22	9
1975-10-14	0	6.4	24	7
1975-10-15	0	5.6	23	7
1975-10-16	0	4.4	21	7
1975-10-17	0	4.9	21	9
1975-10-18	0	4.7	25	9
1975-10-19	0	5.2	23	5
1975-10-20	0	4.4	24	6
1975-10-21	0	4.6	22	3
1975-10-22	0	6.2	22	3
1975-10-23	0	5.8	23	4
1975-10-24	0	7.3	21	5
1975-10-25	0	6.6	22	8
1975-10-26	0	4.8	23	10
1975-10-27	0	4.1	24	7
1975-10-28	0	4.9	24	6
1975-10-29	0	6.1	22	6
1975-10-30	0	3.7	19	6
1975-10-31	0	5.5	23	3
1975-11-01	0	3.5	23	3
1975-11-02	0	4.1	24	3
1975-11-03	0	5.3	20	5
1975-11-04	0	5.1	23	6
1975-11-05	0	4.1	21	5
1975-11-06	0	3.6	25	6
1975-11-07	0	4.6	26	6
1975-11-08	0	3	25	6
1975-11-09	0	3.5	26	5
1975-11-10	0	3.6	26	4
1975-11-11	0	4.1	25	2
1975-11-12	0	5.4	25	4
1975-11-13	0	5.6	19	4
1975-11-14	0	4.4	22	1
1975-11-15	0	4.1	23	1
1975-11-16	0	5.2	18	0
1975-11-17	0	4.5	25	-1
1975-11-18	0	4.9	23	2
1975-11-19	0	5.1	22	1
1975-11-20	0	4.8	21	1
1975-11-21	0	6.2	22	2
1975-11-22	0	5.8	21	2
1975-11-23	0	6.4	25	5
1975-11-24	0	4.1	22	4
1975-11-25	0	4.6	22	4
1975-11-26	0	6.8	22	4
1975-11-27	0	4.8	21	0
1975-11-28	0	5.8	22	1
1975-11-29	0	5.2	22	3
1975-11-30	0	5.2	23	4
1975-12-01	0	4.7	27	5
1975-12-02	0	4.6	25	6
1975-12-03	0	5.6	24	5
1975-12-04	0	4.9	26	4
1975-12-05	0	4.7	25	4
1975-12-06	0	4.9	23	5
1975-12-07	0	3.8	25	3
1975-12-08	0	5.3	26	6
1975-12-09	0	4.9	26	5
1975-12-10	0	5	24	7
1975-12-11	0	3.3	23	6
1975-12-12	0	5.1	21	4
1975-12-13	0	4.3	22	1
1975-12-14	0	3.2	24	0
1975-12-15	0	3.9	23	2
1975-12-16	0	3.6	23	3
1975-12-17	0	4.8	22	4
1975-12-18	7	4.5	20	3
1975-12-19	0	3.2	19	3
1975-12-20	0	2.4	21	2
1975-12-21	0	3.7	20	3
1975-12-22	0	2.9	18	1
1975-12-23	0	3.4	21	1
1975-12-24	0	3.3	20	0
1975-12-25	0	1.9	19	-2
1975-12-26	0	1.5	18	-1
1975-12-27	0	2.5	18	-1
1975-12-28	0	4.3	17	-0.5
1975-12-29	0	3.2	19	-2.5
1975-12-30	0	2.4	17	-3
1975-12-31	0	2.2	20	-4
1976-01-01	0	5.6	22	2
1976-01-02	0	4.8	23	3
1976-01-03	0	6.1	22	3
1976-01-04	0	5.4	21	2
1976-01-05	0	3.9	21	2
1976-01-06	0	4.4	21.5	2
1976-01-07	0	5.7	22	1
1976-01-08	0	6.7	21	3
1976-01-09	0	5.6	22	2
1976-01-10	0	5.2	27	3
1976-01-11	0	6.8	22.5	5
1976-01-12	0	6.1	23	4
1976-01-13	0	5.6	23	4
1976-01-14	0	5.4	22	5.5
1976-01-15	0	5.2	21	3
1976-01-16	0	3.4	21.5	4
1976-01-17	0	5.4	18	4
1976-01-18	0	5.9	17	1
1976-01-19	0	5.4	19	-1
1976-01-20	0	5.4	20	1
1976-01-21	0	7	21	2
1976-01-22	0	6.8	22	3
1976-01-23	0	4.7	23	3
1976-01-24	0	3.8	22	5
1976-01-25	0	5.8	21	3
1976-01-26	0	5.1	22	2
1976-01-27	0	6.2	23	2
1976-01-28	0	5.4	21	3
1976-01-29	0	6.8	22	3
1976-01-30	0	5.7	23	2
1976-01-31	0	4.8	22	3
1976-02-01	0	5.8	24	1
1976-02-02	0	4.7	26	3
1976-02-03	0	4.7	20	1
1976-02-04	0	2.5	20	3
1976-02-05	0	1.9	20	1
1976-02-06	0	6.2	21	3
1976-02-07	0	3.6	24	4
1976-02-08	0	7.6	22	2
1976-02-09	0	4.8	24	2
1976-02-10	0	5.9	25	3
1976-02-11	0	7.1	27	5
1976-02-12	0	8.5	26	0
1976-02-13	0	4.6	26	2
1976-02-14	0	5.2	26	1
1976-02-15	0	3.6	26	3
1976-02-16	0	5.3	25	2
1976-02-17	0	5	22	2
1976-02-18	0	5.4	25	2
1976-02-19	0	5.8	25	3
1976-02-20	0	5.8	25	3
1976-02-21	0	4.8	25	0
1976-02-22	0	4.8	20	3
1976-02-23	0	3.5	17	-3
1976-02-24	0	8.2	17	-1
1976-02-25	0	9.9	19	-2
1976-02-26	0	7.6	25	-4
1976-02-27	0	6.7	24	-1
1976-02-28	0	5.5	25	3
1976-02-29	0	6.8	25	1
1976-03-01	0	6.7	25	4
1976-03-02	0	5.5	27	5
1976-03-03	0	5.7	26	3
1976-03-04	0	6.2	25	4
1976-03-05	0	7.1	24	5
1976-03-06	0	5.9	24.5	4
1976-03-07	0	6.1	26	4
1976-03-08	0	7.4	25	4.5
1976-03-09	0	7.1	25	5
1976-03-10	0	9.7	26	5.5
1976-03-11	0	4.3	27	5
1976-03-12	0	6.4	30	4
1976-03-13	0	7.1	30	7
1976-03-14	0	8.5	28	8
1976-03-15	0	7.6	28	5
1976-03-16	0	7.1	30	7
1976-03-17	0	7.2	28	7
1976-03-18	0	6.7	28	8
1976-03-19	0	5.2	30	7
1976-03-20	0	7.1	28	9
1976-03-21	0	7.4	29	7
1976-03-22	0	6.6	29	9
1976-03-23	0	7.1	28	8
1976-03-24	0	6.4	28	7
1976-03-25	0	8.3	28	9
1976-03-26	0	7.4	29	7
1976-03-27	0	3.7	29	8
1976-03-28	0	3.5	27	9
1976-03-29	0	4.6	25	7
1976-03-30	0	5.8	28	9
1976-03-31	0	6.7	29	10
1976-04-01	15.2	6.1	23	4
1976-04-02	0	7	22	5
1976-04-03	10	4.5	25	6
1976-04-04	0	5.6	21	8
1976-04-05	0	6.1	25	4
1976-04-06	0	7.5	27	4
1976-04-07	0	7.8	26	7
1976-04-08	0	8.3	29	8
1976-04-09	0	7.7	29	6
1976-04-10	0	7.7	28	8
1976-04-11	0	8.3	30	7
1976-04-12	0	7.8	31	9
1976-04-13	0	8.8	30	7
1976-04-14	0	6.6	30	9
1976-04-15	0	7.2	25	8
1976-04-16	0	10	28	6
1976-04-17	0	9.7	29	4
1976-04-18	0	8.4	29	7
1976-04-19	0	9.5	28	6
1976-04-20	0	7.4	30	5
1976-04-21	0	8.2	30	7
1976-04-22	0	10.2	31	7
1976-04-23	0	9.8	30	7
1976-04-24	0	6.6	27	9
1976-04-25	0	7.1	29	9
1976-04-26	0	9.1	29	6
1976-04-27	0	8.4	27	6
1976-04-28	0	7.2	28	5
1976-04-29	0	7.9	29	6
1976-04-30	0	7.3	30	5
1976-05-01	0	7.1	28	9
1976-05-02	0	8.4	29	8
1976-05-03	0	7.4	27	9
1976-05-04	0	9.9	28	10
1976-05-05	0	8.4	30	12
1976-05-06	0	9.4	29	11
1976-05-07	0	8	29	9
1976-05-08	0	7.4	30	12
1976-05-09	0	10	29	10
1976-05-10	1	7.1	27	13
1976-05-11	0	7.1	27	10
1976-05-12	0	7	28	11
1976-05-13	0	8.8	30	10
1976-05-14	0	8.2	27	12
1976-05-15	0	9.5	29	9
1976-05-16	0	9.8	26	11
1976-05-17	0	8.3	26	13
1976-05-18	3.3	6	27	10
1976-05-19	0	6.7	28	12
1976-05-20	0	7.2	29	9
1976-05-21	0	7.1	30	13
1976-05-22	0	8.6	32	11
1976-05-23	0	7.7	32	12
1976-05-24	0	8.5	31	14
1976-05-25	0	7.2	33	12
1976-05-26	0	6.6	31	11
1976-05-27	0	8.4	32	10
1976-05-28	0	5.7	31	12
1976-05-29	0	7.2	34	12
1976-05-30	0	6.8	32	13
1976-05-31	0	7.4	31	10
1976-06-01	0	5.4	33	11
1976-06-02	0	5.8	30	13
1976-06-03	0	7.7	31	10
1976-06-04	0	6.9	31	12
1976-06-05	0	8.8	30	11.5
1976-06-06	0	8.7	31	11
1976-06-07	0	7	27	12
1976-06-08	0	5.8	28	13
1976-06-09	0	5.1	29	14
1976-06-10	0	7.2	28	13
1976-06-11	0	6.4	31	12
1976-06-12	0	7.7	32	14
1976-06-13	0	6.8	31	12
1976-06-14	0	6.8	31	13
1976-06-15	3	7.4	30	13
1976-06-16	7.6	8.9	27	12
1976-06-17	11.1	9.8	28	12
1976-06-18	0	6.9	29	12
1976-06-19	0	8.4	27	13
1976-06-20	0	8.1	28	12
1976-06-21	0	9.7	27	12
1976-06-22	0	8.6	29	13
1976-06-23	0	7.6	30	13.5
1976-06-24	0	7	31	12
1976-06-25	0	6.8	28	14
1976-06-26	0	7.6	28.5	14
1976-06-27	0	6.8	29	14
1976-06-28	0	8.4	28	12
1976-06-29	0	7.9	28	11
1976-06-30	0	6.7	29	11.5
1976-07-01	14.5	3.8	29	10
1976-07-02	9.6	4.8	27	13
1976-07-03	8.2	5.5	27	13
1976-07-04	3.7	6.2	25	14
1976-07-05	24	5.1	24	13
1976-07-06	48.1	5.8	28	13
1976-07-07	10	6.2	22	12
1976-07-08	12.2	5.4	24	13
1976-07-09	44.1	5.5	25	13
1976-07-10	43	6.2	20	14
1976-07-11	39.1	5.7	21	13
1976-07-12	15	5.4	26	12
1976-07-13	18.1	3.7	22	12
1976-07-14	0	3.4	23	12
1976-07-15	0	4.7	24	14
1976-07-16	6.6	6.2	22	14
1976-07-17	2	5.4	22	12
1976-07-18	7	6.2	22	13
1976-07-19	9.5	5.2	22	13
1976-07-20	6.7	6.4	20	11
1976-07-21	12.5	5.7	23	11
1976-07-22	0	3.2	22	12
1976-07-23	0	3.4	32	12
1976-07-24	0	6.1	23	14
1976-07-25	0	5.6	23	10
1976-07-26	0	5.4	23	10
1976-07-27	4	6.2	22	13
1976-07-28	4.6	5.7	24	12
1976-07-29	2	5.4	22	14
1976-07-30	0	3.9	24	11
1976-07-31	0	3.9	25	11
1976-08-01	6.6	4.3	21	10
1976-08-02	0	6.3	20	11
1976-08-03	0	5.9	24	10
1976-08-04	0	7.7	22	10
1976-08-05	0	4.7	25	9
1976-08-06	0	5.6	26	11
1976-08-07	0	6.2	24	12
1976-08-08	0	5.7	25	11
1976-08-09	0	7.2	24	11
1976-08-10	0	6.9	26	12
1976-08-11	0	5.3	25	10
1976-08-12	0	5.3	22	9
1976-08-13	0	6.5	23	9
1976-08-14	0	5.3	26	10
1976-08-15	0	6.4	26	9
1976-08-16	0	6.1	26	10
1976-08-17	0	3.6	24	12
1976-08-18	0	3.1	22	13
1976-08-19	1	3.8	18	12
1976-08-20	0	5.2	21	11
1976-08-21	0	5.3	22	10
1976-08-22	0	6.2	23	11
1976-08-23	0	6.7	20	12
1976-08-24	0	5.8	24	10
1976-08-25	0	6.2	26	10
1976-08-26	8	5.1	24	9
1976-08-27	0.5	3	23	12
1976-08-28	6	4.2	20	12
1976-08-29	0	4	19	11
1976-08-30	0	4	24	12
1976-08-31	0	6.1	22	8
1976-09-01	0	5.7	25	10
1976-09-02	0	7	24	11
1976-09-03	0	6.5	25	11
1976-09-04	0	7.1	25	10
1976-09-05	0	7.1	26	13
1976-09-06	0	6.8	26	11
1976-09-07	0	7.2	27	9
1976-09-08	0	7.3	26	13
1976-09-09	0	6.4	24	12
1976-09-10	0	5.7	25	12
1976-09-11	0	6.1	26	10
1976-09-12	0	6.6	28	11
1976-09-13	0	5.8	27	11
1976-09-14	0	6.4	26	13
1976-09-15	0	6.8	25	11
1976-09-16	1	6	24	10
1976-09-17	8.3	4.8	25	11
1976-09-18	8.1	4.2	22	12
1976-09-19	0	5.7	23	12
1976-09-20	1	6.2	24	11
1976-09-21	0	5.4	23	13
1976-09-22	19	4.7	26	12
1976-09-23	13	3.2	22	13
1976-09-24	5	6.2	25	11
1976-09-25	0	3.9	25	10
1976-09-26	0	4.4	24	12
1976-09-27	0	5.7	26	8
1976-09-28	0	4.7	25	11
1976-09-29	4.1	5.7	24	13
1976-09-30	0	5.4	25	13
1976-10-01	8	4.8	22	12
1976-10-02	0	3.2	25	11
1976-10-03	0	5.3	25	12
1976-10-04	0	5.1	24	10
1976-10-05	0	4.9	25	10
1976-10-06	0	4.5	27	11
1976-10-07	0	4.4	25	8
1976-10-08	19.1	3.1	17	11
1976-10-09	10	4.1	24	11
1976-10-10	0	5.7	18	8
1976-10-11	5	4.3	24	7
1976-10-12	0	6.1	22	9
1976-10-13	0	4.9	23	11
1976-10-14	0	4.4	22	11
1976-10-15	0	6.3	23	9
1976-10-16	0	5.5	25	9
1976-10-17	0	5.8	23	11
1976-10-18	0	6.5	22	7
1976-10-19	0	5.4	22	11
1976-10-20	0	5	26	6
1976-10-21	0	6.1	22	8
1976-10-22	0	5.3	24	7
1976-10-23	0	4.9	22	8
1976-10-24	0	5	22	7
1976-10-25	0	4.7	24	6
1976-10-26	0	5.5	23	7
1976-10-27	0	5.3	24	11
1976-10-28	0	5.4	23	8
1976-10-29	0	5.5	23	7
1976-10-30	0	5.7	24	6
1976-10-31	0	4.8	22	6
1976-11-01	0	3.8	23.5	7
1976-11-02	0	4.8	20	5
1976-11-03	0	4.8	20	2
1976-11-04	0	5.7	19	3
1976-11-05	0	6.1	17	2
1976-11-06	0	7.7	20	0
1976-11-07	0	5.7	18	2
1976-11-08	0	5.8	16	2
1976-11-09	4	6.7	22	3
1976-11-10	0	7.9	22	3
1976-11-11	0	6.8	21	2
1976-11-12	0	8.1	20	2
1976-11-13	0	6.8	22	2
1976-11-14	0	6.8	21	4
1976-11-15	0	5.8	21	3
1976-11-16	0	7.1	20	4
1976-11-17	0	7.2	21	5
1976-11-18	26	5.4	20	5
1976-11-19	0	3.8	19	9
1976-11-20	0	3.7	20	5
1976-11-21	4	3.8	20	4
1976-11-22	0	4.8	22	3
1976-11-23	0	3.7	22	4
1976-11-24	0	3.7	20	6
1976-11-25	1.1	4.4	21	5
1976-11-26	2.5	4.3	23	5
1976-11-27	0	4.8	22	10
1976-11-28	4	5.5	22	12
1976-11-29	0	5.6	20	9
1976-11-30	0	3.5	21	9
1976-12-01	0	2.5	19	7
1976-12-02	0	3.2	21	7
1976-12-03	0	4.7	18	6
1976-12-04	0	3.4	20	6
1976-12-05	0	3.2	21	4
1976-12-06	0	4.6	19	5
1976-12-07	0	4.6	18	6
1976-12-08	0	5.8	15	3
1976-12-09	2	4.7	21	4
1976-12-10	0	3.7	16	7
1976-12-11	0	3.8	17	8
1976-12-12	0	4.4	18	5
1976-12-13	0	5.6	23	5
1976-12-14	0	4.8	21	5
1976-12-15	0	3.9	21	6
1976-12-16	0	5.1	21	7
1976-12-17	0	3.7	22	7
1976-12-18	0	4.7	21	4
1976-12-19	0	3.2	20	4
1976-12-20	0	4.7	21	5
1976-12-21	6	4.1	20	9
1976-12-22	0	3.2	21	9
1976-12-23	0	2.4	22	8
1976-12-24	0	2.2	21	7
1976-12-25	2	3.2	19	10
1976-12-26	0	2.4	20	8
1976-12-27	0	2	21	4
1976-12-28	0	3.7	22	4
1976-12-29	0	3.9	22	5
1976-12-30	0	4.8	21	5
1976-12-31	0	4.9	19	4
1977-01-01	0	4.7	20	5
1977-01-02	0	3.7	21	5
1977-01-03	0	4.2	22	0
1977-01-04	0	3.8	22	1
1977-01-05	0	2.1	22	0
1977-01-06	0	2.7	21	1
1977-01-07	0	4.1	24	1
1977-01-08	0	4.6	23	2
1977-01-09	0	4.6	21	5
1977-01-10	0	2.7	21	1
1977-01-11	0	3.1	22	1
1977-01-12	0	3.3	15	5
1977-01-13	0	1.4	16	7
1977-01-14	0	2.5	15	2
1977-01-15	0	1.6	20	1
1977-01-16	0	2.2	21	0
1977-01-17	0	3.6	22	2
1977-01-18	0	3.5	14	5
1977-01-19	0	2.2	21	2
1977-01-20	0	1.8	20	3
1977-01-21	1	2.1	18	7
1977-01-22	0	2.1	24	6
1977-01-23	0	3.1	23	1
1977-01-24	0	2.8	21	1
1977-01-25	0	2.7	22	3
1977-01-26	0	3.3	25	5
1977-01-27	0	3.1	24	3
1977-01-28	0	3.2	25	1
1977-01-29	0	2.3	23	3
1977-01-30	0	4.4	24	5
1977-01-31	0	4.5	21	3
1977-02-01	0	3.2	22	5
1977-02-02	0	4.7	21	4
1977-02-03	0	3.8	24	4
1977-02-04	0	3.7	24	5
1977-02-05	0	4.7	21	2
1977-02-06	0	4.9	24	2.5
1977-02-07	0	3.9	23	3
1977-02-08	0	4.9	22	5
1977-02-09	0	3.7	22	6
1977-02-10	0	5.5	24	5
1977-02-11	0	6.2	22	6
1977-02-12	0	7.2	21	6.5
1977-02-13	0	6.4	22	7
1977-02-14	0	5.9	21	7
1977-02-15	0	7.8	22	6
1977-02-16	0	7.1	20	5
1977-02-17	0	6.4	29	3.5
1977-02-18	0	5.7	25	3
1977-02-19	0	4.8	27	3
1977-02-20	0	5.7	25	4
1977-02-21	0	6.4	25	5.5
1977-02-22	0	6.2	22	3
1977-02-23	0	5.4	20	1
1977-02-24	0	5.2	25	1
1977-02-25	0	6.9	20	3.5
1977-02-26	0	7.8	25	4
1977-02-27	0	7.6	24	4.5
1977-02-28	0	6.4	22	5
1977-03-01	0	4.7	24	7
1977-03-02	0	4.8	24	8
1977-03-03	0	5.4	25	7
1977-03-04	0	6.2	24	6
1977-03-05	0	6.1	25	5
1977-03-06	0	5.6	28	6
1977-03-07	0	6.6	26	9
1977-03-08	0	7.2	24	7
1977-03-09	0	7.1	28	6
1977-03-10	0	6.1	29	7
1977-03-11	0	6.4	28	8
1977-03-12	0	5.9	28	8
1977-03-13	0	4.6	28	7
1977-03-14	0	5.7	29	7
1977-03-15	0	7.4	32	6
1977-03-16	0	6.2	32	9
1977-03-17	0	6	31	10
1977-03-18	0	6.9	31	9
1977-03-19	0	6.7	30	7
1977-03-20	0	8.1	32	10
1977-03-21	0	7.7	32	11
1977-03-22	0	6.7	30	11
1977-03-23	0	5.7	29	10
1977-03-24	0	6.8	30	12
1977-03-25	0	5.8	28	11
1977-03-26	0	5.6	26	12
1977-03-27	0	6.1	24	8
1977-03-28	0	5.7	26	7
1977-03-29	0	8.8	28	7
1977-03-30	0	6.9	28	9
1977-03-31	0	6.6	29	10
1977-04-01	0	5.4	30	9
1977-04-02	0	3.9	29	9
1977-04-03	0	4.7	29	8
1977-04-04	0	5.6	29	7
1977-04-05	0	6.4	24	7
1977-04-06	0	5.7	25	6
1977-04-07	0	5.4	25	4
1977-04-08	0	6.1	26	5
1977-04-09	0	5.9	27	5
1977-04-10	0	4.7	29	5
1977-04-11	1.5	3.7	27	9
1977-04-12	0	5.5	25	8
1977-04-13	4.7	3.9	26	7
1977-04-14	0	4.8	26	5
1977-04-15	0	4.2	24	4
1977-04-16	0	5.2	25	6
1977-04-17	0	4.8	26	7
1977-04-18	0	4.7	27	8
1977-04-19	1.4	5.1	27	10
1977-04-20	0	6.3	26	9
1977-04-21	0	5.7	25	5
1977-04-22	0	4.4	26	5
1977-04-23	0	5.8	27	8
1977-04-24	0	5.4	28	10
1977-04-25	0	4.2	28	8
1977-04-26	0	4	27	8
1977-04-27	0	4.3	27	4
1977-04-28	0	5.6	26	4
1977-04-29	0	4.7	27	4
1977-04-30	0	7.2	28	5
1977-05-01	0	7.8	29	8
1977-05-02	0	6.3	29	10
1977-05-03	0	9.4	30	11
1977-05-04	0	6.9	31	12
1977-05-05	0	9.1	30	10
1977-05-06	0	5.8	31	10
1977-05-07	0	8.9	30	10
1977-05-08	0	6.8	31	12
1977-05-09	0	5.9	30	12
1977-05-10	0	5.7	28	9
1977-05-11	0	5.8	31	9
1977-05-12	0	6.1	27	9
1977-05-13	0	10.1	31	11
1977-05-14	0	5.2	29	13
1977-05-15	0	6.2	30	10
1977-05-16	0	9.5	30	9
1977-05-17	0	7.4	32	9
1977-05-18	0	5.7	33	10
1977-05-19	0	8.8	32	10
1977-05-20	0	8.9	32	10
1977-05-21	0	9.1	32	10
1977-05-22	0	9	30	12
1977-05-23	0	7	30	9
1977-05-24	0	8.9	31	11
1977-05-25	0	6.6	31	11
1977-05-26	0	7.8	30	10
1977-05-27	0	10.1	30	11
1977-05-28	0	4.2	31	11
1977-05-29	0	5.4	31	10
1977-05-30	0	6.4	29	12
1977-05-31	0	6.3	31	9
1977-06-01	0	6.4	29	10
1977-06-02	0	7.3	30	11
1977-06-03	0	6.5	30	12
1977-06-04	6	7.2	26	13
1977-06-05	0	6.2	28	9
1977-06-06	0	6.6	28	11
1977-06-07	21	7.4	27	10
1977-06-08	0	7.2	29	12
1977-06-09	0	9.2	30	10
1977-06-10	0	7.2	29	11
1977-06-11	0	6.6	30	10
1977-06-12	0	7.3	29	11
1977-06-13	1	8.9	30	14
1977-06-14	0	6.1	29	14
1977-06-15	0	5.6	30	10
1977-06-16	0	6.8	37	11
1977-06-17	14	6.8	28	13
1977-06-18	0	5.9	29	12
1977-06-19	1	6.8	29	11
1977-06-20	0	6.7	28	13
1977-06-21	0	5.8	29	11
1977-06-22	0	6.2	27	10
1977-06-23	0	6.7	26	13
1977-06-24	12	5.7	24	11
1977-06-25	15.1	5.9	29	14
1977-06-26	0	6.7	27	10
1977-06-27	0	5.8	27	11
1977-06-28	0	5.7	29	10
1977-06-29	1	3.9	29	11
1977-06-30	0	3.7	26	11
1977-07-01	0	5.4	27	12.5
1977-07-02	0	6.7	28	13
1977-07-03	0	6.2	27	12
1977-07-04	0	5.5	29	13
1977-07-05	0	6.3	26	11
1977-07-06	0	7.8	26	14
1977-07-07	0	6.4	26	12
1977-07-08	0	5.5	21	11
1977-07-09	0	6.2	20	12
1977-07-10	0	6.8	26	8
1977-07-11	0	6.7	24	10
1977-07-12	21	7.4	23	10
1977-07-13	0	6.2	26	11
1977-07-14	0	7.8	25	11
1977-07-15	0	7.2	24	13
1977-07-16	0	5.2	25	11
1977-07-17	0	6.4	25	12
1977-07-18	0	5.9	27	9
1977-07-19	2	6.2	26	12
1977-07-20	31	7.7	25	12
1977-07-21	0	7.7	24	12
1977-07-22	0	6.2	22	11
1977-07-23	0	6.2	26	11
1977-07-24	10	7.2	26	12
1977-07-25	0	6.2	26	13
1977-07-26	0	7.7	26	12
1977-07-27	0	7.8	26	11
1977-07-28	0	6.8	27	11
1977-07-29	0	6.4	26	12
1977-07-30	0	5.9	27	10
1977-07-31	10	7.8	25	10
1977-08-01	17	5.7	27	12
1977-08-02	0	5.4	27	11
1977-08-03	0	5.7	27	12
1977-08-04	0	6.2	27	11
1977-08-05	0	6.5	28	9
1977-08-06	0	5.1	26	11
1977-08-07	0	6.2	26	13
1977-08-08	0	4.6	26	11
1977-08-09	3	5.8	26	13
1977-08-10	0	5.7	24	11
1977-08-11	8	6.1	26	11
1977-08-12	0	5.8	22	13
1977-08-13	2	7.7	25	12
1977-08-14	34	6.6	22	13
1977-08-15	0	4.2	22	12
1977-08-16	0	5.2	24	10
1977-08-17	0	5	26	11
1977-08-18	0	4.1	26	11
1977-08-19	0	5.7	26	12
1977-08-20	1	5.7	27	12
1977-08-21	0	6.2	25	13
1977-08-22	0	7.7	27	14
1977-08-23	0	5.7	27	12
1977-08-24	0	6.7	30	13
1977-08-25	0	5.1	27	11
1977-08-26	7	5.7	29	10
1977-08-27	32	6.8	28	13
1977-08-28	20	7.7	26	12
1977-08-29	23	6.8	22	12
1977-08-30	23	3.7	22	12
1977-08-31	0	3.6	22	13
1977-09-01	11	6.2	24	13.5
1977-09-02	14	3.8	17	13
1977-09-03	0	4.7	20	13
1977-09-04	0	6.2	25	12
1977-09-05	17	5.7	24	12
1977-09-06	0	6.2	25	11
1977-09-07	1	5.1	22	12
1977-09-08	0	6.2	24	14
1977-09-09	0	4.8	25	13
1977-09-10	0	5.7	25	12
1977-09-11	0	6.8	23	12
1977-09-12	0	6.7	22	12
1977-09-13	10	7.7	23	13
1977-09-14	0	5.7	25	10
1977-09-15	0	6.7	24	10
1977-09-16	0	7.6	24	8
1977-09-17	0	6.3	25	9
1977-09-18	0	6	26	10
1977-09-19	0	7.2	26	9.5
1977-09-20	0	6.8	25	13
1977-09-21	0	6.8	26	10
1977-09-22	0	7.7	25	9
1977-09-23	0	7.2	24	14
1977-09-24	0	5.7	26	14
1977-09-25	0	6.2	22	11
1977-09-26	0	7.8	31	12
1977-09-27	0	7.1	28	12
1977-09-28	0	7.1	26	12
1977-09-29	0	8.6	26	9
1977-09-30	0	6.2	27	10
1977-10-01	25	2.2	26	12
1977-10-02	0	3.6	25	13
1977-10-03	0	4.4	23	13
1977-10-04	0	4.7	24	11
1977-10-05	0	5.6	25	9
1977-10-06	0	4.9	26	8
1977-10-07	0	5.5	27	9
1977-10-08	0	3.3	29	7
1977-10-09	0	5.5	30	8
1977-10-10	0	3.8	27	9
1977-10-11	0	4.6	30	10
1977-10-12	0	7.7	22	13
1977-10-13	0	3.5	22	7
1977-10-14	0	4.3	26	5
1977-10-15	0	5.4	25	6
1977-10-16	0	4.2	21	5
1977-10-17	0	3.1	23	2
1977-10-18	0	4.6	24	5
1977-10-19	0	5.4	20	10
1977-10-20	0	4.9	23	8
1977-10-21	0	3.8	25	7
1977-10-22	0	3.6	24	7
1977-10-23	0	4.1	21	9
1977-10-24	0	3.2	22	6
1977-10-25	0	4.2	21	9
1977-10-26	8	3.3	18	10
1977-10-27	14	2.3	23	12
1977-10-28	0	4.2	25	13
1977-10-29	1	5	25	9
1977-10-30	0	3.9	24	13
1977-10-31	0	4.3	26	9
1977-11-01	0	4.7	25	8
1977-11-02	0	5.2	25	7
1977-11-03	0	5.1	25	4
1977-11-04	0	5.7	26.5	5
1977-11-05	0	4.8	25	4
1977-11-06	0	4.7	25	4
1977-11-07	0	6	24	3
1977-11-08	0	5.2	20	6
1977-11-09	0	6.2	23	2
1977-11-10	0	5.7	20	6
1977-11-11	0	6.8	20	2
1977-11-12	0	5.7	20	2
1977-11-13	0	5.7	21	3
1977-11-14	0	6.2	21	1.5
1977-11-15	0	5.8	22	2
1977-11-16	6	5.7	21	6
1977-11-17	3	6.8	19	9
1977-11-18	0	5.7	18	5
1977-11-19	0	4.8	22	5
1977-11-20	0	4.7	23	4
1977-11-21	0	5.2	25	4
1977-11-22	0	5.8	24	7
1977-11-23	0	5.4	26	5
1977-11-24	0	6.2	24	8
1977-11-25	0	5.7	25	5
1977-11-26	0	5.7	25	3
1977-11-27	0	4.7	24	1.5
1977-11-28	0	5.7	22	1.5
1977-11-29	0	6.2	23	2
1977-11-30	0	3.2	24	1
1977-12-01	0	4.9	24	4
1977-12-02	0	3.8	22	1
1977-12-03	0	3.2	20	2
1977-12-04	0	2.2	25	3
1977-12-05	0	2.4	24	4
1977-12-06	0	2.4	23	3.5
1977-12-07	1	1.8	18	6
1977-12-08	0	2	21	6
1977-12-09	0	3.5	23	2
1977-12-10	0	4.3	20	7
1977-12-11	0	3.8	20	6
1977-12-12	0	2.1	19	9
1977-12-13	0	3	22	6
1977-12-14	0	4	23	2
1977-12-15	0	3.2	20	1
1977-12-16	0	2.3	22	1.5
1977-12-17	0	3.8	23	1
1977-12-18	0	4.4	21	3
1977-12-19	0	3.9	22	1
1977-12-20	0	4.6	23	1
1977-12-21	0	5	18	2
1977-12-22	0	2.2	21	3
1977-12-23	0	3.7	22	2
1977-12-24	0	4	23	2.5
1977-12-25	0	4.8	23	2
1977-12-26	0	5.3	24	3
1977-12-27	0	4.3	27	4
1977-12-28	0	6.3	24	9
1977-12-29	0	4.3	22	4
1977-12-30	0	3.9	20	3
1977-12-31	0	4.3	23	2
1978-01-01	0	4.8	24	5
1978-01-02	0	5.7	23	4
1978-01-03	0	5.6	22	3
1978-01-04	0	6.3	25	3
1978-01-05	0	5.9	24	4
1978-01-06	0	4.9	23	4
1978-01-07	0	4.4	23	7
1978-01-08	0	6.8	19	2
1978-01-09	0	4.1	16	1
1978-01-10	0	4.7	17	1
1978-01-11	0	6.5	19	-2
1978-01-12	0	7.6	21	-2
1978-01-13	0	3.5	20	-2
1978-01-14	0	7.8	21	-1
1978-01-15	0	6.9	22	1
1978-01-16	0	4.3	23	2
1978-01-17	0	7.8	22	3
1978-01-18	0	5.6	18	4
1978-01-19	0	3.7	20	-1
1978-01-20	0	7.4	22	2
1978-01-21	0	5.9	20	2
1978-01-22	0	7.1	22	2
1978-01-23	0	5.2	23	1
1978-01-24	0	6.1	21	2
1978-01-25	0	6.8	18	1
1978-01-26	0	7.5	22	1
1978-01-27	0	5.3	22	2
1978-01-28	0	8.7	24	2
1978-01-29	0	4.9	25	2
1978-01-30	0	6.5	25	4
1978-01-31	0	5.7	25	5
1978-02-01	0	5.9	23	6.5
1978-02-02	0	4.2	21	7
1978-02-03	4	2.9	22	4
1978-02-04	0	6	17	3
1978-02-05	0	4.8	16	2
1978-02-06	0	5.2	22	-2
1978-02-07	0	4.8	20	2
1978-02-08	0	5.8	19	-1
1978-02-09	0	5.8	22	-2
1978-02-10	0	3.9	23	-2
1978-02-11	5	3.7	24	2
1978-02-12	0	4.7	17	5
1978-02-13	0	4.8	21	-2
1978-02-14	0	5.8	22	-2
1978-02-15	0	5.2	21	1
1978-02-16	0	6.2	21	2
1978-02-17	0	7.8	21	2
1978-02-18	0	5.2	21	2
1978-02-19	0	6.8	19	4
1978-02-20	0	7.7	25	-2
1978-02-21	0	6.2	18	1
1978-02-22	4	4.1	21	2
1978-02-23	0	5.7	20	4
1978-02-24	0	4.1	23	2
1978-02-25	0	3.7	23	2
1978-02-26	0	5.7	26	1
1978-02-27	0	6.2	25	4
1978-02-28	0	6.7	24	7
1978-03-01	0	6	27	5
1978-03-02	0	6.6	27	4
1978-03-03	0	9.7	26	6
1978-03-04	0	6.2	26	2
1978-03-05	0	7.8	27	4
1978-03-06	0	8	24	6
1978-03-07	0	6.8	23	5.5
1978-03-08	0	7.1	22	6
1978-03-09	0	5.1	20	2
1978-03-10	0	7.3	25	1.5
1978-03-11	0	8.6	22	2
1978-03-12	0	11	27	5
1978-03-13	0	7.8	27	8
1978-03-14	0	6.3	26	7.5
1978-03-15	0	7.3	21	6
1978-03-16	0	3.6	26	4
1978-03-17	0	5.3	22	5
1978-03-18	0	4.1	16	3
1978-03-19	0	5.8	26	1
1978-03-20	0	4.9	27	2
1978-03-21	0	8.6	29	5
1978-03-22	0	9	31	7
1978-03-23	0	9.6	31	10
1978-03-24	0	7.5	31	8
1978-03-25	0	4.1	25	9
1978-03-26	0	5.9	25	4
1978-03-27	0	6.7	25	5
1978-03-28	0	8.3	26	4
1978-03-29	0	6.9	30	6
1978-03-30	0	7	31	9
1978-03-31	0	8.9	32	11
1978-04-01	0	5.3	31	7.5
1978-04-02	0	5.5	30	8
1978-04-03	0	6.5	29	7
1978-04-04	0	6	27	7
1978-04-05	0	7.5	30	8
1978-04-06	0	7.1	20	8
1978-04-07	0	5.4	29	10
1978-04-08	0	3.8	23	6
1978-04-09	0	3.1	26	7
1978-04-10	0	4.6	20	10
1978-04-11	0	4.6	26	9
1978-04-12	0	9.4	25	3
1978-04-13	0	6.3	27	5
1978-04-14	0	7.9	25	6
1978-04-15	0	7.9	31	5
1978-04-16	0	7.9	31	5
1978-04-17	0	9.7	31	4
1978-04-18	0	6.4	32	6
1978-04-19	0	7.4	33	6
1978-04-20	0	6.8	34	7
1978-04-21	0	7.6	31	4
1978-04-22	0	10.3	30	5
1978-04-23	0	8.9	30	7
1978-04-24	0	8.1	30	3
1978-04-25	0	7.5	25	5
1978-04-26	0	6.3	20	7
1978-04-27	0	7.5	30	5
1978-04-28	0	6.9	28	6
1978-04-29	0	8.2	27	8
1978-04-30	0	7.4	26	7
1978-05-01	0	7.6	26	5
1978-05-02	0	6.9	29	4
1978-05-03	0	10.1	29	6
1978-05-04	0	9	30	3
1978-05-05	0	9.1	30	6
1978-05-06	0	9.6	29	7
1978-05-07	0	10.8	31	5
1978-05-08	0	6.8	30	6
1978-05-09	0	7.4	33	9
1978-05-10	0	5.4	32	12
1978-05-11	0	4.4	30	12
1978-05-12	0	8.6	32	11
1978-05-13	0	11.4	33	14
1978-05-14	0	7.4	30	16
1978-05-15	0	5.8	28	12
1978-05-16	0	7.3	29	11
1978-05-17	0	9.1	31	11
1978-05-18	0	5.9	31	7
1978-05-19	0	5	28	12
1978-05-20	0	4.9	31	8
1978-05-21	0	5.5	30	11
1978-05-22	0	6.2	31	9
1978-05-23	0	5.2	30	8
1978-05-24	0	4.9	30	8
1978-05-25	0	7.1	31	7
1978-05-26	0	8.6	32	8
1978-05-27	0	9	31	11
1978-05-28	0	7.8	31	11
1978-05-29	0	9	31	12
1978-05-30	0	10.3	26	9
1978-05-31	15.5	3.5	30	11
1978-06-01	0	7.1	26	13
1978-06-02	0	6	29	14
1978-06-03	0	6.8	25	15
1978-06-04	1	4.1	28	15
1978-06-05	0	4.4	29	13
1978-06-06	5	6.8	27	14
1978-06-07	16	2.8	24	11
1978-06-08	6	3.2	25	13
1978-06-09	0	6.1	25	13
1978-06-10	0	5.8	26	9
1978-06-11	0	8.2	30	12
1978-06-12	0	8.8	30	11
1978-06-13	0	7.6	28	13
1978-06-14	0	9.6	27	11
1978-06-15	0	6.6	29	11
1978-06-16	0	7.9	29	11
1978-06-17	0	8.9	27	11
1978-06-18	0	8.3	27	10
1978-06-19	0	5.7	25	11
1978-06-20	5	5.2	30.5	11
1978-06-21	0	9.6	28	11
1978-06-22	0	7.4	27	12
1978-06-23	0	8.5	29	11
1978-06-24	0	4.2	26	14
1978-06-25	3	3.1	26	13
1978-06-26	49	2.3	29	12
1978-06-27	0	5.1	26	13
1978-06-28	0	8.4	26	11
1978-06-29	0	6	26	12
1978-06-30	0	5.9	29	13
1978-07-01	0	5	28	12.5
1978-07-02	0	5.7	27	11
1978-07-03	0	6.9	26	13
1978-07-04	0	7.8	24	12
1978-07-05	0	6.3	29	12
1978-07-06	0	5.2	27	11
1978-07-07	0	5.7	28	12
1978-07-08	0	7.4	27	10
1978-07-09	0	7.9	29	8
1978-07-10	0	8.6	29	9
1978-07-11	5	3.8	27	14
1978-07-12	0	5.2	27	11
1978-07-13	0	6.5	30	9
1978-07-14	0	7.4	29	11
1978-07-15	0	6.8	28	9
1978-07-16	0	7.2	31	12
1978-07-17	0	9.5	30	12
1978-07-18	0	10.1	29	11
1978-07-19	8.9	7.7	27	14
1978-07-20	0	6.3	26	13
1978-07-21	0	7.9	28	11
1978-07-22	0	8.8	25	11
1978-07-23	0	6.1	26	13
1978-07-24	0	7.4	26	11
1978-07-25	8	6.5	25	13
1978-07-26	1.2	8.6	24	13
1978-07-27	10.5	7.3	26	12
1978-07-28	11.5	5.2	22	12
1978-07-29	0	4.8	23	13
1978-07-30	4	3.6	25	13
1978-07-31	16.1	2.9	24	13
1978-08-01	4	4.7	23	13.5
1978-08-02	20	3.8	23	13
1978-08-03	0	3.9	25	12
1978-08-04	0	5.6	25	11
1978-08-05	0	6.6	24	10
1978-08-06	0	5.2	23	10
1978-08-07	0	6.7	29	11
1978-08-08	0	6.8	23	11
1978-08-09	0	7.7	24	12
1978-08-10	20	8.4	27	11
1978-08-11	38	5.7	23	10
1978-08-12	8	3.4	23	12
1978-08-13	10.3	2.2	21	12
1978-08-14	7.3	3.2	20	12
1978-08-15	0	3.7	23	11
1978-08-16	0	5.7	24	11
1978-08-17	0	5.1	24	10
1978-08-18	0	4.3	26	11
1978-08-19	0	6.3	23	11
1978-08-20	0	8.7	23	9
1978-08-21	0	6.2	24	10
1978-08-22	26.6	7.4	30	13
1978-08-23	1	3.7	26	13
1978-08-24	0	4.7	24	11
1978-08-25	0	5.8	26	11
1978-08-26	0	4.7	27	11
1978-08-27	2.5	5.9	28	12
1978-08-28	3.5	5.7	26	11
1978-08-29	5.4	3.2	25	12
1978-08-30	0	2.7	23	13
1978-08-31	0	3	24	12
1978-09-01	0	5.9	24	13
1978-09-02	0	5.6	25	12
1978-09-03	0	5.8	25	11
1978-09-04	0	6.2	24	13
1978-09-05	0	5.9	25	10
1978-09-06	17.4	4.8	21	9
1978-09-07	5.6	3.8	22	12
1978-09-08	6	4.7	22	13
1978-09-09	25.4	5.9	25	14
1978-09-10	2	3.1	24	14
1978-09-11	0	4.7	21	12
1978-09-12	0	5.4	23	14
1978-09-13	0	5.7	25	12
1978-09-14	0	6.7	22	12
1978-09-15	0	6.7	26	11
1978-09-16	0	7.5	24	9
1978-09-17	1	5.7	26	9
1978-09-18	3.2	6.8	26	11
1978-09-19	0	5.6	21	11
1978-09-20	0	5.7	25	9
1978-09-21	0	5.8	21	11
1978-09-22	4.5	6.2	20.5	11
1978-09-23	0	2.4	21	12
1978-09-24	0	4.7	20	11
1978-09-25	0	3.8	22	12
1978-09-26	0	5.4	24	11
1978-09-27	35.4	6.2	25	12
1978-09-28	6.4	3.4	22	12
1978-09-29	9.8	1.9	21	11
1978-09-30	0	3.5	21	13
1978-10-01	0	3.8	21	9
1978-10-02	0	4.1	24	11
1978-10-03	8	3.5	26	12
1978-10-04	31.3	4.5	23	12
1978-10-05	5.9	3.2	22	10
1978-10-06	20.3	2	23	13
1978-10-07	0	3.6	21	13
1978-10-08	5	4.5	21	13
1978-10-09	0	5.3	21	9
1978-10-10	0	5.8	23	12
1978-10-11	4.1	4.7	22	9
1978-10-12	2	5.2	22	8
1978-10-13	0	6.6	29	11
1978-10-14	2	4.4	26	8
1978-10-15	0	3.8	17.1	6
1978-10-16	0	4.8	19	4
1978-10-17	0	4.1	26	6
1978-10-18	0	3.5	19	7
1978-10-19	0	5.3	18	8
1978-10-20	0	5.8	23	6
1978-10-21	0	5.3	25	6
1978-10-22	0	4.8	25	6
1978-10-23	0	5.5	22	9
1978-10-24	0	6.6	22	9
1978-10-25	0	5.3	21	8
1978-10-26	0	6.2	23	4
1978-10-27	0	5.1	26	4
1978-10-28	0	5.2	24	6
1978-10-29	0	4.7	21	9
1978-10-30	0	3.5	25	7
1978-10-31	0	4.3	23	6
1978-11-01	0	3.4	21	7
1978-11-02	0	3	22	6.5
1978-11-03	0	2.9	25	6
1978-11-04	0	2.7	24	7
1978-11-05	0	3.2	24	5
1978-11-06	0	3.9	23	3
1978-11-07	0	2.8	23	4
1978-11-08	0	2.7	21	5
1978-11-09	0	3.3	24	1
1978-11-10	0	2.9	22	1
1978-11-11	0	2.8	26	2
1978-11-12	0	4.1	25	6
1978-11-13	0	3.7	23	4
1978-11-14	0	4.4	24	3
1978-11-15	0	4.3	23	2
1978-11-16	0	2.2	26	2
1978-11-17	0	2.9	25	3
1978-11-18	0	4.3	26	4
1978-11-19	0	2.2	26	3
1978-11-20	0	2.3	25	4
1978-11-21	0	3.4	25	3
1978-11-22	0	3	25	3
1978-11-23	0	4.1	20	7
1978-11-24	0	3.4	26	6
1978-11-25	0	4.3	29	6
1978-11-26	0	2.5	24	3
1978-11-27	0	4.2	17	4
1978-11-28	4	2.1	21	9
1978-11-29	0	2.5	21	9
1978-11-30	0	4.2	23	7
1978-12-01	0	3.3	23	5
1978-12-02	0	2.4	24	6
1978-12-03	0	3.2	21	5
1978-12-04	0	4.5	23	4
1978-12-05	0	2.2	24	1
1978-12-06	0	5.8	21	1
1978-12-07	0	2.9	21	2
1978-12-08	0	2.9	22	5
1978-12-09	0	3.2	21	4
1978-12-10	6	3.4	19	5
1978-12-11	0	3.3	22	2
1978-12-12	0	2.8	21	6
1978-12-13	0	2.5	20	6
1978-12-14	0	3.7	21	5
1978-12-15	0	4.5	20	6
1978-12-16	0	3.9	25	4
1978-12-17	0	4.2	22	3
1978-12-18	0	3.6	22	4
1978-12-19	0	4.4	23	2
1978-12-20	0	3.6	24	1
1978-12-21	0	3.1	24	2
1978-12-22	0	3	23	1
1978-12-23	0	2.3	21	2
1978-12-24	0	1.5	18	6
1978-12-25	0	3.1	20	7
1978-12-26	0	1.7	21	8
1978-12-27	0	2.6	22	6
1978-12-28	0	4.3	21	2
1978-12-29	0	3.7	22	1
1978-12-30	0	4.9	22	2
1978-12-31	0	4.7	23	3
1979-01-01	0	4.2	23	5
1979-01-02	0	3.2	16	4
1979-01-03	0	4.4	21	-1
1979-01-04	0	5.8	21	0
1979-01-05	0	3.9	22	2
1979-01-06	0	3.4	23	2
1979-01-07	0	3	22	-1
1979-01-08	0	3.8	21	0
1979-01-09	0	4.7	21	1
1979-01-10	0	5.7	20	1
1979-01-11	0	4.1	21	0
1979-01-12	0	3.4	22	-3
1979-01-13	0	3.3	22	-2
1979-01-14	0	4.2	24	1
1979-01-15	0	5.5	21	-1
1979-01-16	0	3.3	22	1
1979-01-17	0	5.1	24	5
1979-01-18	0	4.2	17	4
1979-01-19	0	4.8	21	2
1979-01-20	0	3.2	20	4
1979-01-21	0	4.7	19	4
1979-01-22	0	4.7	20	0
1979-01-23	0	3.8	21	3
1979-01-24	0	3.7	28	4
1979-01-25	0	3.8	20	9
1979-01-26	0	4.2	22	7
1979-01-27	0	5.2	21	3
1979-01-28	0	3.2	22	4
1979-01-29	0	3.2	22	2
1979-01-30	0	4.1	22	2
1979-01-31	0	5.8	26	2
1979-02-01	0	5.1	24	2
1979-02-02	0	4.1	24	5
1979-02-03	0	2.2	23.5	5
1979-02-04	0	4.2	24.5	3
1979-02-05	17	2.3	20	6
1979-02-06	0	4.6	17	5
1979-02-07	0	3.3	20	1
1979-02-08	0	3.6	20	1
1979-02-09	0	4.7	21	5
1979-02-10	0	4.4	23	5
1979-02-11	4	3	20	6.5
1979-02-12	0	5.4	19	5
1979-02-13	0	5.6	22	4
1979-02-14	0	6.3	22	6
1979-02-15	0	5.5	22.5	3.5
1979-02-16	0	4.2	23.5	4
1979-02-17	0	5.8	26	6
1979-02-18	0	5.9	24	8
1979-02-19	0	3.8	23.5	6.5
1979-02-20	0	4.8	24	6
1979-02-21	0	5.6	23.5	6.5
1979-02-22	0	3.6	26	7
1979-02-23	0	3	25	7.5
1979-02-24	0	6.4	26.5	6.5
1979-02-25	0	5.4	25	8
1979-02-26	0	4.8	25	7
1979-02-27	0	8.2	24.5	5
1979-02-28	0	4.6	23	5
1979-03-01	0	7.1	25	5
1979-03-02	0	6.3	24	2
1979-03-03	0	3.8	26	7
1979-03-04	0	6.2	25	2
1979-03-05	0	8.4	24	4
1979-03-06	0	6.9	22	6
1979-03-07	0	3.8	20	4
1979-03-08	0	5.1	23	3
1979-03-09	0	7.4	26	4
1979-03-10	0	5.1	26	3
1979-03-11	0	7.4	26	6
1979-03-12	0	6.2	28	5
1979-03-13	0	5.8	27	5
1979-03-14	0	2.5	30	7
1979-03-15	1	4.4	27	7
1979-03-16	0	6	26	6
1979-03-17	0	6.9	26	7
1979-03-18	0	4.8	25	7
1979-03-19	0	7.4	26	5
1979-03-20	0	7.3	24	4
1979-03-21	0	7.9	25	6
1979-03-22	0	7.7	27	3
1979-03-23	0.3	9.7	29	4
1979-03-24	0	6.2	29	6
1979-03-25	0	5.8	26	7
1979-03-26	0	4.2	22	6
1979-03-27	0	4.5	25	4
1979-03-28	0	9	27	6
1979-03-29	0	6.8	29	4
1979-03-30	0	7.3	30	7
1979-03-31	0	9.1	29	6
1979-04-01	0	8.4	26	8
1979-04-02	0	9.8	32	6
1979-04-03	0	5.8	30.5	8
1979-04-04	0	5.2	30	10
1979-04-05	0	8.4	29	9.5
1979-04-06	0	8.2	29.5	10.5
1979-04-07	0	7.7	31	11
1979-04-08	0	9.5	31.5	12
1979-04-09	0	6.8	30	12
1979-04-10	0	8.4	28	11.5
1979-04-11	0	8.5	27	12
1979-04-12	0	9.6	26	11
1979-04-13	0	9.8	27	9.5
1979-04-14	0	10.2	29	10
1979-04-15	0	11.2	31	8
1979-04-16	0	9.9	30	10
1979-04-17	0	10.2	26	11.5
1979-04-18	0	9.2	30	8
1979-04-19	0	9.5	29	10.5
1979-04-20	0	9.2	29	10
1979-04-21	0	10.2	29	9.5
1979-04-22	0	11.9	27	9
1979-04-23	0	10.4	27	8.5
1979-04-24	0	9.9	26	10
1979-04-25	0	8.4	29	9.5
1979-04-26	0	7.1	30	11
1979-04-27	0	9.8	31.5	12
1979-04-28	0	10.9	31	11
1979-04-29	0	11.9	30	12
1979-04-30	0	10.6	31	11.5
1979-05-01	0	6.4	31	7
1979-05-02	0	4.5	32	6
1979-05-03	0	4.4	31	8
1979-05-04	0	5.7	30	4
1979-05-05	0	6.7	27	4
1979-05-06	0	8.5	29	7
1979-05-07	0	9	27	6
1979-05-08	0	9.9	30	2
1979-05-09	0	9.2	29	3
1979-05-10	0	5.5	26	3
1979-05-11	0	10.1	30	5
1979-05-12	0	6.4	31	10
1979-05-13	0	7.3	28	10
1979-05-14	0	6.8	29	7
1979-05-15	0	6.9	27	9
1979-05-16	0	10.5	27	9
1979-05-17	0	6.1	30	9
1979-05-18	0	9.2	30	12
1979-05-19	0	7.2	31	9
1979-05-20	0	8.1	30	11
1979-05-21	0	6.3	31	10
1979-05-22	0	8.9	31	7
1979-05-23	0	6.5	31	7
1979-05-24	0	5.3	30	11
1979-05-25	0	4.7	29	10
1979-05-26	0	6.8	30	9
1979-05-27	0	10	28	7
1979-05-28	0	8.3	28	9
1979-05-29	0	7.3	31	8
1979-05-30	0	9.5	32	9
1979-05-31	0	4.1	33	8
1979-06-01	0	5.4	29	14
1979-06-02	10	4.8	30	14.5
1979-06-03	0	3.2	27	15
1979-06-04	0	5.8	26	13
1979-06-05	0	5	24	14
1979-06-06	4	5.1	25.5	11.5
1979-06-07	0	5.9	25	12
1979-06-08	0	8	27	12
1979-06-09	0	7.4	29	14
1979-06-10	0	6.5	28	13
1979-06-11	0	7.6	25	14
1979-06-12	0	6.2	23	11.5
1979-06-13	0	8	25	9
1979-06-14	0	7.4	26	10.5
1979-06-15	0	6.3	28	12
1979-06-16	0	8.5	30	12.5
1979-06-17	0	9.3	30	14
1979-06-18	0	10.3	32	13.5
1979-06-19	0	10.9	31	14
1979-06-20	0	9.6	30.5	13
1979-06-21	0	8.4	28	14
1979-06-22	0	8.6	29	12
1979-06-23	0	8.1	31	12
1979-06-24	0	9.9	28	15
1979-06-25	0	8.3	27	14
1979-06-26	0	7.2	28.5	12
1979-06-27	0	7.2	30	11.5
1979-06-28	0	4.3	29	13
1979-06-29	0	6.9	28	14
1979-06-30	0	9.2	30	13.5
1979-07-01	0	6.3	31	15
1979-07-02	0	8.6	29	14.5
1979-07-03	0	7.3	28	14
1979-07-04	0	8	30	12.5
1979-07-05	0	8.1	31.5	13
1979-07-06	0	8.6	32	15
1979-07-07	0	9.6	30	17.5
1979-07-08	0	8.6	28.5	15
1979-07-09	2	8.2	29	13
1979-07-10	0	7.6	27.5	12
1979-07-11	0	7.1	27	12.5
1979-07-12	5	6.3	28	13
1979-07-13	0	7.9	30	14
1979-07-14	3.5	8.6	29.5	12
1979-07-15	0	8.2	28	15
1979-07-16	0	8	30	13.5
1979-07-17	0	8.7	29	15
1979-07-18	0	7.8	30.5	14
1979-07-19	0	8.9	28	12.5
1979-07-20	0	8.2	26.5	13
1979-07-21	0	7.8	27	11.5
1979-07-22	0	7.4	29.5	12
1979-07-23	1	8.6	27.5	14
1979-07-24	0	8.1	27	12.5
1979-07-25	7.8	6.5	26	13
1979-07-26	54	5.4	24	12
1979-07-27	1	3.2	23.5	10.5
1979-07-28	0	4.7	25	11.5
1979-07-29	0	5.6	26.5	13
1979-07-30	1	7.3	26	12.5
1979-07-31	0	6.2	28	12
1979-08-01	0	6.9	26	12
1979-08-02	2	5.4	25.5	10
1979-08-03	5	5.2	25	11.5
1979-08-04	0	4.9	24	13
1979-08-05	0	6.3	26	12
1979-08-06	1	5.7	25	14
1979-08-07	2.3	5.6	25.5	12.5
1979-08-08	0	4.5	27	11
1979-08-09	5	6.9	25	12
1979-08-10	21	5.1	24.5	14.5
1979-08-11	35.5	4.2	23	11.5
1979-08-12	25.4	2.2	22.5	9
1979-08-13	4	3.3	24.5	10.5
1979-08-14	0	3.7	24	11
1979-08-15	10.2	4.8	25	13
1979-08-16	0	4.9	26	12
1979-08-17	0	6.3	25	14.5
1979-08-18	0	5.7	27.5	13
1979-08-19	0	7.4	29.5	13.5
1979-08-20	0	9.4	28	15
1979-08-21	0	8.2	26	14
1979-08-22	0	6.4	26.5	12.5
1979-08-23	0	5.6	24	11
1979-08-24	0	5.2	25.5	11.5
1979-08-25	0	4.5	26	13
1979-08-26	0	4.9	27	12
1979-08-27	2.5	5.3	25	13
1979-08-28	22	4.3	24	11.5
1979-08-29	3	3.8	26	10
1979-08-30	0	5.7	25.5	12
1979-08-31	0	5.2	25	13
1979-09-01	0	5.2	26	13
1979-09-02	0	4.6	25	11
1979-09-03	0	6.5	26	10
1979-09-04	0	6.2	26	12
1979-09-05	6	5.1	25	14
1979-09-06	0	3.6	25	13
1979-09-07	0	4.8	22	12
1979-09-08	0	5.4	21	12
1979-09-09	0	6.4	22	14
1979-09-10	12	5.1	18	14
1979-09-11	2	3.4	19	12
1979-09-12	10.7	2.4	21	11
1979-09-13	4.5	3.9	22	13
1979-09-14	0	4.4	21	13
1979-09-15	0	5.4	20	11
1979-09-16	0	6.1	25	8
1979-09-17	0	6.8	24	7
1979-09-18	0	5.8	25	11
1979-09-19	0	5.6	26	12
1979-09-20	2.5	6.2	22	12
1979-09-21	0	6.4	24	9
1979-09-22	0	5.5	19	12
1979-09-23	0	5.2	26	10
1979-09-24	0	5.1	25	7
1979-09-25	0	6.2	22	7
1979-09-26	0	7.4	22	4
1979-09-27	0	6.1	24	5
1979-09-28	0	7.4	25	5
1979-09-29	0	8.4	27	5
1979-09-30	0	5.7	25	6
1979-10-01	0	6.4	22	6
1979-10-02	0	7.6	25	3
1979-10-03	0	4.8	26	3
1979-10-04	0	3.8	25	6
1979-10-05	0	7	26	6
1979-10-06	0	5.7	26	4
1979-10-07	0	8.4	26	4
1979-10-08	0	4.8	26	7
1979-10-09	0	7.1	27	6
1979-10-10	0	8.1	26	6
1979-10-11	0	5.6	27	8
1979-10-12	0	7.1	30	4
1979-10-13	0	5.4	29	5
1979-10-14	0	5.8	26	7
1979-10-15	0	3.2	27	6
1979-10-16	0	3.6	30	7
1979-10-17	0	4	29	6
1979-10-18	0	3.4	28	5
1979-10-19	0	3.4	30	4
1979-10-20	0	4.1	29	6
1979-10-21	0	2.7	25	6
1979-10-22	0	2.8	29	10
1979-10-23	0	3.6	27	11
1979-10-24	0	3.6	27	7
1979-10-25	0	3.7	28	5
1979-10-26	0	6.5	29	6
1979-10-27	0	3.5	28	4
1979-10-28	0	2.4	26	8
1979-10-29	0	3.2	25	7
1979-10-30	0	4.7	24	8
1979-10-31	0	3.9	27	2
1979-11-01	0	3.1	25	2
1979-11-02	0	4.3	25	3
1979-11-03	0	4.7	24	5
1979-11-04	0	2.4	25	4
1979-11-05	0	7.1	26	4
1979-11-06	0	5	21	4
1979-11-07	0	4.8	22	3
1979-11-08	0	4	25	6
1979-11-09	0	6.1	25	2
1979-11-10	0	7.7	26	2
1979-11-11	0	3.6	23	0
1979-11-12	0	5.4	23	2
1979-11-13	0	2.4	20	4
1979-11-14	0	3.7	21	4
1979-11-15	0	2.4	22	1
1979-11-16	0	2.2	21	1
1979-11-17	0	4.5	21	1
1979-11-18	0	4.3	21	1
1979-11-19	0	3.8	23	2
1979-11-20	0	4	23	2
1979-11-21	0	3.6	26	4
1979-11-22	0	5.5	22	6
1979-11-23	0	2.9	22	3
1979-11-24	0	2.1	23	2
1979-11-25	0	6	23	-2
1979-11-26	0	2.4	24	1
1979-11-27	0	4.6	23	-2
1979-11-28	0	2.5	25	1
1979-11-29	0	4.4	22	1
1979-11-30	0	3.8	21	1
1979-12-01	1	2.2	22.5	5
1979-12-02	22	1.6	14	6.5
1979-12-03	13	1.1	12	6
1979-12-04	1	1.3	16	4
1979-12-05	5.6	2.6	17.5	5
1979-12-06	0	1.6	19	4.5
1979-12-07	0	3	22	3
1979-12-08	0	3.4	24.5	5
1979-12-09	0	3.8	23	6.5
1979-12-10	0	2.7	24	5
1979-12-11	0	4.1	25	7
1979-12-12	0	4.2	25.5	6.5
1979-12-13	0	3.7	23	9
1979-12-14	1	2.4	22	8
1979-12-15	1	2.3	24	6.5
1979-12-16	2	2.9	23.5	8
1979-12-17	0	1.8	21	9
1979-12-18	0	2.6	18	6
1979-12-19	0	2.2	20.5	5
1979-12-20	0	3.6	20	6.5
1979-12-21	0	2.7	22	4
1979-12-22	0	2.3	21.5	5
1979-12-23	0	2.8	20	7
1979-12-24	0	3.4	23	4.5
1979-12-25	0	3.8	21	5
1979-12-26	0	3	22.5	2
1979-12-27	0	3.9	23	2
1979-12-28	0	3.3	24	3.5
1979-12-29	0	2.9	22	5
1979-12-30	0	4.2	23.5	1.5
1979-12-31	0	3.2	24	2
1980-03-01	0	6.9	25	4
1980-03-02	0	4.1	23	3
1980-03-03	0	9.3	24	2
1980-03-04	0	6.2	25	6
1980-03-05	0	6.4	21	2
1980-03-06	0	6.1	22	2
1980-03-07	0	4.7	22	3
1980-03-08	0	3.7	29	6
1980-03-09	0	7.4	31	8
1980-03-10	0	8.7	31	7
1980-03-11	0	8.6	31	4
1980-03-12	0	9.3	23	5
1980-03-13	0	8.3	29	4
1980-03-14	0	6.8	27	5
1980-03-15	0	3	27	7
1980-03-16	0	6.9	26	6
1980-03-17	0	3.9	27	5
1980-03-18	0	2.6	25	8
1980-03-19	0	4.1	26	6
1980-03-20	0	7.1	26	6
1980-03-21	0	6.9	27	7
1980-03-22	0	11.7	28	6
1980-03-23	0	8.7	27	7
1980-03-24	0	6.3	27	4
1980-03-25	0	9.3	26	6
1980-03-26	0	8.1	26	8
1980-03-27	0	4.9	26	7
1980-03-28	0	6.5	26	7
1980-03-29	0	5.3	27	10
1980-03-30	0	5.9	26	6
1980-03-31	0	5.5	27	4
1980-04-01	0	9.4	29	9
1980-04-02	0	8.6	29	8
1980-04-03	0	7.4	31	9
1980-04-04	0	9.4	31.5	8
1980-04-05	0	9.9	31	11
1980-04-06	0	10.9	31	7
1980-04-07	0	7.8	30	6
1980-04-08	0	6.2	30	8
1980-04-09	0	7.4	29	9
1980-04-10	0	8.7	26	7
1980-04-11	0	9.1	27	4
1980-04-12	0	8.5	26	4
1980-04-13	0	9.9	25	4
1980-04-14	0	8.9	24	1
1980-04-15	0	9.7	27	4
1980-04-16	0	9.4	30	5
1980-04-17	0	8.9	29	6
1980-04-18	0	9.4	27	9
1980-04-19	0	6.8	25	9
1980-04-20	2	5.7	24	11
1980-04-21	7.8	3.9	24	11
1980-04-22	0	2.2	24	10
1980-04-23	0	4.7	26	6.5
1980-04-24	0	5.7	26	7
1980-04-25	0	8.2	27	8
1980-04-26	0	7.1	27	7.5
1980-04-27	0	7.3	27	7.5
1980-04-28	0	8.4	30	8
1980-04-29	0	10.9	29	9
1980-04-30	0	5.5	26	10
1980-05-01	0	7.2	20	5
1980-05-02	0	6.5	26	7
1980-05-03	0	9.4	30	6
1980-05-04	6	4.5	29	6
1980-05-05	0	9	29	7
1980-05-06	0	7.1	27	7
1980-05-07	0	7.1	25	11
1980-05-08	0	9.9	30	8
1980-05-09	0	6.5	31	11
1980-05-10	0	8	32	10
1980-05-11	0	4.3	31	9
1980-05-12	0	3.7	31	10
1980-05-13	0	5.6	31	13
1980-05-14	0	5.1	32	11
1980-05-15	0	5.9	30	13
1980-05-16	0	3.5	31	5
1980-05-17	0	5.4	31	6
1980-05-18	0	3.4	32	7
1980-05-19	0	4.8	32	8
1980-05-20	0	4.5	32	11
1980-05-21	0	8.7	33	10
1980-05-22	0	7.9	32	7
1980-05-23	0	5.5	31	7
1980-05-24	0	10.7	31	10
1980-05-25	0	7.4	31	10
1980-05-26	0	7.6	31	11
1980-05-27	0	8.9	31	12
1980-05-28	3	3.8	27	10
1980-05-29	0	10.4	31	12
1980-05-30	0	8	27	11
1980-05-31	0	2.8	23	11
1980-06-01	0	7.9	32	12
1980-06-02	0	9.6	33	11
1980-06-03	0	7.2	32	11
1980-06-04	0	5.6	32	11
1980-06-05	0	3.3	29	12
1980-06-06	20	2.5	26	12
1980-06-07	0	7	30	13
1980-06-08	0	8.2	30	11
1980-06-09	0	5.5	29	11
1980-06-10	0	8.2	30	9
1980-06-11	0	7.6	27	13
1980-06-12	0	7.3	29	11
1980-06-13	0	8.2	28	12
1980-06-14	0	8.2	29	11
1980-06-15	0	6.2	28	9
1980-06-16	0	9.7	30	10
1980-06-17	0	6.9	31	13
1980-06-18	0	8.1	30	12
1980-06-19	0	9	29	11
1980-06-20	0	6.8	29	12
1980-06-21	0	4.8	26	14
1980-06-22	5	4.4	26	15
1980-06-23	3.5	5.9	27	15
1980-06-24	0	6.7	29	12
1980-06-25	0	4.7	29	12
1980-06-26	0	5.8	28	13
1980-06-27	0	6.9	30	10
1980-06-28	0	8.4	26	12
1980-06-29	2	7.3	26	12
1980-06-30	0	4.8	28	12
1980-07-01	0	6.2	29	11
1980-07-02	0	9.4	29	10
1980-07-03	0	8	27	11
1980-07-04	0	6.1	29	11
1980-07-05	0	4.5	27	13
1980-07-06	0	7.2	28	14
1980-07-07	0	5.5	26	15
1980-07-08	0	10.3	27	15
1980-07-09	0	9	30	12
1980-07-10	0	9.3	29	11
1980-07-11	0	5.9	27	14
1980-07-12	0	8	29	11
1980-07-13	0	6.6	29	10
1980-07-14	0	4.7	28	12
1980-07-15	0	3.6	30	15
1980-07-16	0	8.1	29	12
1980-07-17	0	8.3	29	11
1980-07-18	0	3.2	29	11
1980-07-19	0	3.6	28	13
1980-07-20	20	3	27	13
1980-07-21	0	4.2	25	13
1980-07-22	0	6.5	26	12
1980-07-23	0	6.2	26	13
1980-07-24	0	6	25	14
1980-07-25	0	7	26	13
1980-07-26	0	7.5	26	14
1980-07-27	3.5	6.2	27	14
1980-07-28	0	4	26	12
1980-07-29	0	5.1	26	11
1980-07-30	4	4.5	25	12
1980-07-31	0	6.6	26	12
1980-10-01	0	4.8	29	10
1980-10-02	0	4.2	28	10
1980-10-03	0	6.8	22	7
1980-10-04	0	6	26	6
1980-10-05	0	5.2	26	6
1980-10-06	0	7.9	24	4
1980-10-07	0	5.2	23	5
1980-10-08	0	5.1	26	4
1980-10-09	0	3.7	26	5
1980-10-10	0	5.4	26	5
1980-10-11	10	4.4	22	8
1980-10-12	0	3	26	8
1980-10-13	0	4.2	27	8
1980-10-14	0	5.9	28	7
1980-10-15	0	2.6	25	8
1980-10-16	0	5.4	27	7
1980-10-17	0	5.2	28	7
1980-10-18	0	3.1	29	7
1980-10-19	1	6.5	28	11
1980-10-20	0	4.9	27	11
1980-10-21	0	6.1	28	8
1980-10-22	0	3.7	26	8
1980-10-23	0	6	29	7
1980-10-24	0	4.8	26	8
1980-10-25	0	3.5	26	8
1980-10-26	0	4.6	27	8
1980-10-27	1.5	3	25	8
1980-10-28	4	4.2	25	10
1980-10-29	17	3.3	25	11
1980-10-30	1	1.9	25	6
1980-10-31	1	1.9	26	7
1980-11-01	1	2	24	10
1980-11-02	1.2	3	26	10
1980-11-03	0	4.3	24	8
1980-11-04	0	5	24	9
1980-11-05	0	3.1	23	8
1980-11-06	0	7.1	22	5
1980-11-07	0	4.5	23	4
1980-11-08	0	4.3	24	4
1980-11-09	0	4.3	26	5
1980-11-10	0	2	25	2
1980-11-11	0	2.7	24	2
1980-11-12	0	3.5	24	5
1980-11-13	0	4.7	25	1
1980-11-14	0	4.9	26	1
1980-11-15	0	2.8	25	2
1980-11-16	0	4.5	23	3
1980-11-17	0	5.2	27	1
1980-11-18	0	3	23	1
1980-11-19	0	3.5	22	1
1980-11-20	0	2.8	21	3
1980-11-21	21	3.3	29	5
1980-11-22	0	1.9	19	7
1980-11-23	0	4.2	22	3
1980-11-24	0	4.8	23	4
1980-11-25	0	4.5	23	3
1980-11-26	0	3.2	24	3
1980-11-27	0	2.3	21	2
1980-11-28	0	3.3	22	1
1980-11-29	0	4.1	24	1
1980-11-30	0	5.2	22	1
1980-12-01	0	2.5	23	3
1980-12-02	0	3.5	24	1
1980-12-03	0	2.3	23	4
1980-12-04	0	4.5	25	5
1980-12-05	0	2	24	4
1980-12-06	0	2.6	25	4
1980-12-07	0	2.8	24	4
1980-12-08	4	2	21	7
1980-12-09	0	1.4	23	7
1980-12-10	0	3.5	20	7
1980-12-11	0	3.6	19	4
1980-12-12	0	3	24	4
1980-12-13	0	3.3	24	5
1980-12-14	0	2.8	22	4
1980-12-15	0	3.7	26	3
1980-12-16	0	3.3	20	5
1980-12-17	0	4.6	23	2
1980-12-18	0	4.4	23	2
1980-12-19	0	4.1	23	1
1980-12-20	0	2.9	20	1
1980-12-21	0	2.4	15	1
1980-12-22	0	2.6	17	2
1980-12-23	9.1	1.2	14	1
1980-12-24	10	0.4	11	6
1980-12-25	0	0.9	14	7
1980-12-26	0	3.7	18	4
1980-12-27	0	2.8	20	4
1980-12-28	0	2.2	23	2
1980-12-29	0	3.7	22	1
1980-12-30	0	2	16	1
1980-12-31	0	2.4	22	2
1981-01-01	0	3.6	17	3
1981-01-02	0	1.2	20	1
1981-01-03	0	4	20	1
1981-01-04	0	3.4	21	1
1981-01-05	0	4.3	22	0
1981-01-06	0	2.1	22	3
1981-01-07	0	3.2	22	3
1981-01-08	0	3.2	24	2
1981-01-09	0	3.5	17	4
1981-01-10	0	2.5	22	4
1981-01-11	0	3.2	23	2
1981-01-12	5.9	2.4	17	4
1981-01-13	0	3.4	20	4
1981-01-14	0	3.8	21	1
1981-01-15	0	3.1	19	4
1981-01-16	20.5	1.2	15	4
1981-01-17	1.4	0.4	10	6
1981-01-18	16	0.9	8	5
1981-01-19	0	3.5	9	5
1981-01-20	0	2.2	18	4
1981-01-21	0	3	16	1
1981-01-22	0	1.7	14	2
1981-01-23	0	2.8	12	0
1981-01-24	0	3.4	19	-3
1981-01-25	0	4	20	1
1981-01-26	0	4.3	20	1
1981-01-27	0	2.4	17	0
1981-01-28	0	4.4	21	0
1981-01-29	0	3	23	2
1981-01-30	0	4.4	25	1
1981-01-31	0	5.6	25	1
1981-03-01	0	6.4	22	6
1981-03-02	0	4.7	22	5
1981-03-03	0	6.3	23	5
1981-03-04	0	6.5	23	9
1981-03-05	0	6.8	25	7
1981-03-06	2	4.5	27	4
1981-03-07	5	2.7	26	6
1981-03-08	0	4.7	25	5
1981-03-09	0	6.4	25	5
1981-03-10	1	3.1	25	7
1981-03-11	0	3.9	23	6
1981-03-12	1	3.4	23	4
1981-03-13	0	6	25	7
1981-03-14	0	7.9	25	3
1981-03-15	8	3.1	27	5
1981-03-16	0	5.4	25	8
1981-03-17	0	6.8	26	6
1981-03-18	0	7	23	3
1981-03-19	0	5.5	27	4
1981-03-20	0	8.5	27	3
1981-03-21	0	8.1	25	5
1981-03-22	0	6.3	25	2
1981-03-23	0	6.8	26	5
1981-03-24	0	8.4	27	4
1981-03-25	0	7.2	28	3
1981-03-26	0	8	27	4
1981-03-27	0	8	27	4
1981-03-28	0	6.2	25	4
1981-03-29	0	8.8	27	6
1981-03-30	0	8.6	29	3
1981-03-31	0	7.3	30	3
1981-05-01	3	5.6	28	10
1981-05-02	2	3.9	25	11
1981-05-03	0	10.4	25	9
1981-05-04	0	6.2	21	2
1981-05-05	0	8.4	30	7
1981-05-06	0	7.5	31	6
1981-05-07	0	8.5	30	9
1981-05-08	0	11	31	5
1981-05-09	0	7.6	31	4
1981-05-10	0	7	31	7
1981-05-11	0	7.6	31	8
1981-05-12	0	8.7	30	7
1981-05-13	0	9.6	32	7
1981-05-14	0	6.9	31	9
1981-05-15	0	7.7	32	11
1981-05-16	0	8.1	31	7
1981-05-17	0	9.7	31	7
1981-05-18	0	9.6	32	10
1981-05-19	0	5.4	31	10
1981-05-20	0	6.4	27	11
1981-05-21	10	2.2	22	13
1981-05-22	0	4.5	27	9
1981-05-23	0	5.7	27	9
1981-05-24	0	5.6	26	9
1981-05-25	0	5.4	29	13
1981-05-26	0	7.3	30	8
1981-05-27	0	5.3	31	8
1981-05-28	0	5.7	31	13
1981-05-29	0	8.2	31	9
1981-05-30	0	8.3	30	9
1981-05-31	0	8.9	30	8
1981-07-01	0	7.2	26	11
1981-07-02	0	1.9	27	14
1981-07-03	0	7.8	28	13
1981-07-04	0	7.9	29	10
1981-07-05	0	6	30	10
1981-07-06	7	6.6	28	10
1981-07-07	0	5.1	25	12
1981-07-08	0	4.3	24	13
1981-07-09	0	2.6	25	13
1981-07-10	0	7.3	25	11
1981-07-11	0	4	25	11
1981-07-12	0	5.1	26	13
1981-07-13	0	5.6	27	12
1981-07-14	0	7.1	24	10
1981-07-15	0	4.5	24	12
1981-07-16	0	5.2	29	13
1981-07-17	0	5.3	28	9
1981-07-18	17	4.7	25	10
1981-07-19	0	4.6	27	13
1981-07-20	0	9.2	27	11
1981-07-21	0	7.8	29	12
1981-07-22	0	6.2	30	11
1981-07-23	2	5.7	29	14
1981-07-24	0	8.9	29	10
1981-07-25	0	6.6	30	10
1981-07-26	5	4.3	27	10
1981-07-27	7	3.8	25	13
1981-07-28	6	4.8	25	13
1981-07-29	0	5.6	25	11
1981-07-30	0	6.3	28	11
1981-07-31	0	7.7	29	11
1981-08-01	0	8.9	29	12
1981-08-02	0	7.1	27	10
1981-08-03	0	6.7	30	11.5
1981-08-04	7	5.6	29	12
1981-08-05	0	5.3	27	13
1981-08-06	0	9.4	29	10.5
1981-08-07	0	8.4	30	8
1981-08-08	0	5.4	27	9
1981-08-09	0	6.7	27	11.5
1981-08-10	0	7.2	29	12.5
1981-08-11	0	8.7	29	10
1981-08-12	0	7.6	30	12
1981-08-13	0	7.5	30	13
1981-08-14	0	8.1	27	12
1981-08-15	1	6.4	30	10
1981-08-16	0	6.8	31.5	12
1981-08-17	21	5.3	31	13.5
1981-08-18	40	9.1	24	12
1981-08-19	0	7.1	25	13.5
1981-08-20	0	7.6	28	11
1981-08-21	0	4.7	25	11.5
1981-08-22	7	4.8	28	12
1981-08-23	0	7.7	25	12
1981-08-24	0	4	26	13
1981-08-25	0	4.8	24	12.5
1981-08-26	0	3.8	24	13
1981-08-27	1	4.6	24	10
1981-08-28	21	4.4	23	11
1981-08-29	2	4.5	20	13
1981-08-30	4	4.1	25	11
1981-08-31	0	3.9	26	12
1981-10-01	6	5	26	11
1981-10-02	0	5.3	25	9
1981-10-03	0	5.3	28	7
1981-10-04	0	4.1	29	7
1981-10-05	0	5	27	9
1981-10-06	5	3.4	27	10
1981-10-07	0	5.7	28	12
1981-10-08	16	4.3	26	12
1981-10-09	1	3.9	27	10
1981-10-10	0	2.6	27	11
1981-10-11	0	4.3	25	11
1981-10-12	0	5.4	26	11
1981-10-13	0	5.7	28	8
1981-10-14	0	3.4	26	8
1981-10-15	0	4	27	12
1981-10-16	0	4.3	27	9
1981-10-17	0	5.9	27	8
1981-10-18	0	6.9	26	6
1981-10-19	0	7.2	23	8
1981-10-20	0	8.9	25	5
1981-10-21	0	7.6	26	6
1981-10-22	0	5.3	29	6
1981-10-23	0	4.2	27	7
1981-10-24	0	2.7	24	10
1981-10-25	0	3.4	22	8
1981-10-26	0	5.4	26	5
1981-10-27	0	5.2	23	7
1981-10-28	0	4	26	7
1981-10-29	3.2	3.1	22	10
1981-10-30	0	2.9	23	12
1981-10-31	0	4.4	26	7
1981-11-01	1.5	3.8	23	7
1981-11-02	0	1	27	7
1981-11-03	0	5.3	25	9
1981-11-04	0	3.9	26	9
1981-11-05	0	4.7	25	8
1981-11-06	0	5.9	26	8
1981-11-07	0	3.6	26	7
1981-11-08	0	5.4	28	0
1981-11-09	0	4.3	25	7
1981-11-10	0	3.4	21	7
1981-11-11	0	4.2	25	4
1981-11-12	0	4.2	26	4
1981-11-13	0	5	23	2
1981-11-14	0	4	22	4
1981-11-15	0	4.7	25	1
1981-11-16	0	6.8	26	1
1981-11-17	0	4.2	26	4
1981-11-18	0	3.7	27	3
1981-11-19	0	4.5	27	1
1981-11-20	0	1.5	25	1
1981-11-21	0	2.8	25	4
1981-11-22	0	8.1	26	4
1981-11-23	0	6.7	25	2
1981-11-24	0	5.9	25	3
1981-11-25	0	6	25	1
1981-11-26	0	4.5	24	0
1981-11-27	0	3.3	24	1
1981-11-28	0	3.3	24	3
1981-11-29	0	5.2	25	0
1981-11-30	0	5.4	25	0
1981-12-01	0	3.8	26	7
1981-12-02	0	3	26	3
1981-12-03	0	2.2	25	2
1981-12-04	0	4.2	27	3
1981-12-05	9	3.1	20	4
1981-12-06	0	0.8	21	3
1981-12-07	0	3.2	23	4
1981-12-08	0	4.3	19	4
1981-12-09	0	2.3	27	4
1981-12-10	0	2.4	23	5
1981-12-11	0	2.8	21	2
1981-12-12	0	4.1	23	2
1981-12-13	0	3.2	23	0
1981-12-14	0	4.9	24	1
1981-12-15	0	0.7	24	1
1981-12-16	0	5.7	23	0
1981-12-17	0	2.5	22	2
1981-12-18	0	2.9	23	1
1981-12-19	0	4.7	23	4
1981-12-20	0	5.7	25	0
1981-12-21	0	1.1	26	1
1981-12-22	0	1.3	27	2
1981-12-23	0	4.5	23	2
1981-12-24	1	2.8	22	2
1981-12-25	0	1.1	18	3
1981-12-26	0	3.8	23	4
1981-12-27	0	4.7	24	3
1981-12-28	0	3.5	23	2
1981-12-29	0	2.2	24	5
1981-12-30	0	4.8	27	5
1981-12-31	0	4.3	23	0
1982-02-01	0	5	22	2
1982-02-02	0	5.6	22	0
1982-02-03	0	3.7	23	1
1982-02-04	0	5.2	25	2
1982-02-05	0	4.3	24	2
1982-02-06	0	3.9	25	1
1982-02-07	0	4.3	25	1
1982-02-08	0	6	25	1
1982-02-09	0	5.7	26	0
1982-02-10	0	8.9	27	0
1982-02-11	0	8.1	28	0
1982-02-12	0	4.6	29	0
1982-02-13	0	4.1	27	1
1982-02-14	0	4.6	25	2
1982-02-15	0	5.4	24	3
1982-02-16	0	5.9	25	1
1982-02-17	0	4.2	27	0
1982-02-18	0	4.1	25	1
1982-02-19	0	5.6	25	3
1982-02-20	0	7.7	26	2
1982-02-21	0	6.6	25	4
1982-02-22	0	5.7	27	5
1982-02-23	0	5.4	27	6
1982-02-24	0	5.7	26	7
1982-02-25	0	5	26	5
1982-02-26	0	6.6	25	2
1982-02-27	0	7.7	24	2
1982-02-28	0	4.3	24	2
1982-03-01	0	4	24	4
1982-03-02	0	5.6	24	3
1982-03-03	0	7.6	25	0
1982-03-04	0	7.4	26	0
1982-03-05	0	7.8	20	1
1982-03-06	0	6.2	25	-1
1982-03-07	0	6.4	22	0
1982-03-08	0	5.1	26	0
1982-03-09	0	6.7	28	2
1982-03-10	0	6.6	30	4
1982-03-11	0	7.4	31	4
1982-03-12	0	8.4	29	4
1982-03-13	0	7.8	31	4
1982-03-14	0	6.4	31	4
1982-03-15	0	9.6	30	5
1982-03-16	0	8.8	31	5
1982-03-17	0	6.3	31	4
1982-03-18	0	5.6	30	6
1982-03-19	0	6.2	31	6
1982-03-20	0	6.9	30	5
1982-03-21	0	6	30	5
1982-03-22	0	8.2	30	5
1982-03-23	0	7.4	29	5
1982-03-24	0	8.6	30	4
1982-03-25	0	5.4	30	5
1982-03-26	0	9.5	31	6
1982-03-27	0	7.2	30	5
1982-03-28	0	7.1	32	4
1982-03-29	0	10.8	31	5
1982-03-30	0	11.6	32	5
1982-03-31	0	8	33	7
1982-04-01	0	8.2	34	7
1982-04-02	0	7.7	33	9
1982-04-03	0	10.9	34	8
1982-04-04	0	10.9	34	5
1982-04-05	0	8.9	35	4
1982-04-06	0	9.5	33	6
1982-04-07	0	8.8	32	7
1982-04-08	0	10.4	31	6
1982-04-09	0	8.9	31	5
1982-04-10	0	8.1	32	4
1982-04-11	0	9	32	9
1982-04-12	0	4.8	33	9
1982-04-13	0	9.5	32	10
1982-04-14	0	6.4	33	9
1982-04-15	0	8.2	33	7
1982-04-16	0	4.1	31	5
1982-04-17	0	10.2	33	9
1982-04-18	0	7	30	11
1982-04-19	0	7.8	31	13
1982-04-20	2.8	7.9	30	11
1982-04-21	0	4.1	25	11
1982-04-22	0	9	27	7
1982-04-23	0	8.5	27	10
1982-04-24	0	8.9	25	11
1982-04-25	0	5.6	31	13
1982-04-26	0	6.8	30.5	12
1982-04-27	0	9.4	31	10
1982-04-28	0	7.9	31	10
1982-04-29	0	7.6	28	11
1982-04-30	0	8.6	27	8
1982-05-01	0	7.5	28	8
1982-05-02	0	6.7	28	8
1982-05-03	0	7.9	31	12
1982-05-04	0	4.1	30	10
1982-05-05	0	4.7	29	10
1982-05-06	3	7.2	31	10
1982-05-07	0	6.1	30	11
1982-05-08	0	7.4	29	12
1982-05-09	0	8.3	31	8
1982-05-10	0	8.5	31	9
1982-05-11	0	9.2	32	10
1982-05-12	0	10.1	31	10
1982-05-13	0	9.1	30	11
1982-05-14	0	9.1	32	9
1982-05-15	0	9.1	31	10
1982-05-16	0	8	31	11
1982-05-17	0	8	30	12
1982-05-18	0	4.9	26	13
1982-05-19	0	7.1	28	10
1982-05-20	2	6.9	29	10
1982-05-21	0	5.2	26	12
1982-05-22	0	6	30	12
1982-05-23	0	6.1	30	12
1982-05-24	0	7.6	30	10
1982-05-25	0	6.7	32	11
1982-05-26	0	7.2	31	12
1982-05-27	0	8.9	32	14
1982-05-28	0	8.2	32	13
1982-05-29	0	7.1	33	13
1982-05-30	1.5	6.9	34	11
1982-05-31	0	8.8	34	11
1982-06-01	0	6.5	33	14
1982-06-02	0	6.2	35	12
1982-06-03	0	10.5	36	11
1982-06-04	0	11.6	36	12
1982-06-05	0	10.1	30	11
1982-06-06	0	7.8	33	10
1982-06-07	0	9.3	33	11
1982-06-08	0	9.3	32	12
1982-06-09	0	11.1	34	11
1982-06-10	0	10	33	10
1982-06-11	0	7.9	31	11
1982-06-12	0	9.3	31	11
1982-06-13	0	8.6	31	10
1982-06-14	0	9.8	32	12
1982-06-15	0	8.7	32	11
1982-06-16	0	9	33	11
1982-06-17	0	9.5	34	13
1982-06-18	0	10.2	34	13
1982-06-19	0	11.4	34	12
1982-06-20	0	8.4	30	13
1982-06-21	0	7.8	32	12
1982-06-22	0	8	29	13
1982-06-23	0	7.6	31	12
1982-06-24	0	8.5	32	12
1982-06-25	0	10.6	32	12
1982-06-26	0	6.6	31	13
1982-06-27	0	9.1	31	12
1982-06-28	0	10.7	31	14
1982-06-29	15	7.5	31	14
1982-06-30	0	5	27	13
1982-07-01	24	2.6	23	13
1982-07-02	12	6.6	24	13
1982-07-03	40.3	9.9	25	12
1982-07-04	0	2.5	24	11
1982-07-05	0	5.1	24	12
1982-07-06	0	7.9	27	13
1982-07-07	0	8.7	27	12
1982-07-08	0	7.3	27	11
1982-07-09	0	6.1	28	11
1982-07-10	0	9.1	27	10
1982-07-11	0	4	28	11
1982-07-12	0	7.3	28	11
1982-07-13	0	8.8	28	12
1982-07-14	0	9.2	28	12
1982-07-15	0	4.5	26	12
1982-07-16	0	4.5	26	12
1982-07-17	12	5.1	26	13
1982-07-18	4	3.7	25	13
1982-07-19	6.6	3.4	25	10
1982-07-20	0	2.9	24	12
1982-07-21	0	6.4	26	12
1982-07-22	0	7.1	26	12
1982-07-23	0	6.7	26	10
1982-07-24	1	6.2	27	11
1982-07-25	0	12.3	28	12
1982-07-26	0	4.2	25	11
1982-07-27	0	3.7	23	12
1982-07-28	0	6.8	29	10
1982-07-29	0	9.1	30	11
1982-07-30	0	8.1	30	9
1982-07-31	0	9.5	30	12
1982-08-01	0	8.5	29	10
1982-08-02	0	7.6	29	11
1982-08-03	0	3.9	27	12
1982-08-04	0	2.4	25	10
1982-08-05	0	9.5	29	9
1982-08-06	0	8.3	28	8
1982-08-07	0	8	27	7
1982-08-08	0	4.5	27	9
1982-08-09	12.1	5.1	26	10
1982-08-10	0	4.6	26	9
1982-08-11	0	7.4	27	9
1982-08-12	0	7.4	26	8
1982-08-13	1	2.4	26	7
1982-08-14	0	5	28	8
1982-08-15	0	10.9	28	10
1982-08-16	0	2.7	29	9
1982-08-17	0	8.1	31	8
1982-08-18	0	4.9	28	9
1982-08-19	0	7.1	27	12
1982-08-20	0	6.2	27	12
1982-08-21	0	5.8	27	12
1982-08-22	0	7.3	26	10
1982-08-23	0.4	3.4	29	9
1982-08-24	0	8	30	10
1982-08-25	0	11.5	29	11
1982-08-26	0	1.7	30	11
1982-08-27	0	9.3	31	12
1982-08-28	0	6.2	28	9
1982-08-29	0	9.1	30	8
1982-08-30	0	7.8	26	8
1982-08-31	0	8.1	27	10
1982-09-01	0	8.9	29	11
1982-09-02	0	6.9	30	10
1982-09-03	0	9.9	30	9
1982-09-04	0	7.1	27	10
1982-09-05	0	4.7	27	12
1982-09-06	0	6.2	25	10
1982-09-07	0	4.7	26	12
1982-09-08	0	5.6	27	10
1982-09-09	0	6.5	26	8
1982-09-10	0	5.3	30	9
1982-09-11	1.2	5.2	29	9.5
1982-09-12	0	5.7	28	12
1982-09-13	0	6.8	27	12
1982-09-14	4.3	5.6	26	13
1982-09-15	0	3.7	25	12
1982-09-16	0	7.5	26	10
1982-09-17	0	6.5	26	8
1982-09-18	0	6.8	25	9
1982-09-19	0	6.3	26	11
1982-09-20	0	8.2	28	10
1982-09-21	0	2.5	23	13
1982-09-22	0	4.2	23	13
1982-09-23	0	6.2	26	10
1982-09-24	0	7	27	8
1982-09-25	0	7.7	24	6
1982-09-26	0	10.1	29	6
1982-09-27	0	8.1	29	7
1982-09-28	0	3.7	29	6
1982-09-29	0	6.8	31	9
1982-09-30	0	7.4	31	8
1982-10-01	0	3.6	30	11
1982-10-02	0	5.3	28	10
1982-10-03	0	6.2	27	10
1982-10-04	0	5.8	26	10
1982-10-05	0	4.7	27	9
1982-10-06	0	5.8	29	10
1982-10-07	11	4	28	10
1982-10-08	18.2	2.8	24	10
1982-10-09	0	3	22	12
1982-10-10	11.7	1.5	22	13
1982-10-11	0	1.8	22	13
1982-10-12	4	1.3	24	11
1982-10-13	0	3.7	26	9
1982-10-14	0	3.9	21	9
1982-10-15	0	5.8	23	7
1982-10-16	0	4.2	23	8
1982-10-17	0	5.5	24	5
1982-10-18	0	6.3	26	6
1982-10-19	0	5.9	27	6
1982-10-20	0	7.7	27	7
1982-10-21	0	5.4	23	8
1982-10-22	0	6	22	7
1982-10-23	0	4.3	23	6
1982-10-24	0	4.6	23	5
1982-10-25	0	5.7	22	5
1982-10-26	0	5.8	24	4
1982-10-27	0	4.7	26	2
1982-10-28	0	4.7	27	3
1982-10-29	0	4.1	27	4
1982-10-30	0	5.3	23	4
1982-10-31	0	4.6	26	3
1982-11-01	0	5.6	27	4
1982-11-02	0	4.7	25	3
1982-11-03	0	3.7	27	0
1982-11-04	0	3.5	21	1
1982-11-05	0	3.9	22	2
1982-11-06	0	4.8	24	0
1982-11-07	0	5	24	-3
1982-11-08	0	4.1	25	0
1982-11-09	0	3.8	28	1
1982-11-10	0	4.8	27	3
1982-11-11	0	5.6	26	0
1982-11-12	0	5.5	29	2
1982-11-13	0	6.4	20	5
1982-11-14	0	5.5	26	4
1982-11-15	0	5.3	24	5
1982-11-16	0	4.4	25	2
1982-11-17	0	3.7	25	2
1982-11-18	0	4.1	25	2
1982-11-19	0	5.7	24	3
1982-11-20	0	3.7	24	1
1982-11-21	0	4.3	26	1
1982-11-22	0	4.9	25	3
1982-11-23	0	4.1	26	3
1982-11-24	10.7	5.1	24	3
1982-11-25	6.3	2.2	14	5
1982-11-26	29.3	1.7	15	7
1982-11-27	2	2.2	19	9
1982-11-28	0	1.8	20	8
1982-11-29	0	6.9	19	3
1982-11-30	0	5.1	19	7
1983-01-01	0	4.7	18	3.5
1983-01-02	0	4.5	17	3
1983-01-03	0	5.1	19	4
1983-01-04	0	4.2	20	2
1983-01-05	0	3.4	16	3
1983-01-06	0	3.6	22	2
1983-01-07	0	5.2	20	2
1983-01-08	0	2.1	22	2
1983-01-09	0	3.1	22	2
1983-01-10	0	4.7	20	5
1983-01-11	0	3.7	16	6
1983-01-12	0	4.1	15	2
1983-01-13	2.5	5.7	17	4
1983-01-14	0.6	4.5	15	4
1983-01-15	6.6	3.5	16	6
1983-01-16	0	4.9	13	6
1983-01-17	1	4.3	18	4
1983-01-18	9.5	4.3	10	6
1983-01-19	11	3.3	15	6
1983-01-20	0	3.9	15	6
1983-01-21	0	2	16	3
1983-01-22	0	3.9	12	2
1983-01-23	0	4.2	17	-3
1983-01-24	0	5.3	18	-3
1983-01-25	0	4.8	17	-1
1983-01-26	0	4.7	19	0
1983-01-27	0	5.3	21	-1
1983-01-28	0	3.9	22	0
1983-01-29	0	3	22	0
1983-01-30	0	4.9	26	0
1983-01-31	0	2.3	25	0
1983-02-01	0	3.2	20	5.5
1983-02-02	0	3	25	3
1983-02-03	0	4	23	2
1983-02-04	0	5.4	23	-1
1983-02-05	0	6.2	26	0
1983-02-06	0	5.1	23	-1
1983-02-07	0	3.9	22	2
1983-02-08	0	2.8	23	0
1983-02-09	0	4.9	23	2
1983-02-10	0	5.2	21	1
1983-02-11	0	5	20	0
1983-02-12	0	4.7	18	1
1983-02-13	0	3.2	22	2
1983-02-14	0	6.3	21	3
1983-02-15	0	4.1	20	3
1983-02-16	0	4.7	21	4
1983-02-17	0	4.8	23	5
1983-02-18	0	6	24	4.5
1983-02-19	0	4.9	23	1
1983-02-20	0	5.7	25	2
1983-02-21	0	4.4	23	3
1983-02-22	0	5.6	24	4
1983-02-23	0	5.2	22	5.5
1983-02-24	0	6.2	21	6
1983-02-25	0	3.2	22	2.5
1983-02-26	0	4	20	2
1983-02-27	0	4.5	23	5
1983-02-28	0	4.6	25	1
1983-03-01	0	5.8	27	5
1983-03-02	0	6.6	26	6
1983-03-03	0	6.4	24	7
1983-03-04	0	7.8	26	5
1983-03-05	0	7.6	24	5.5
1983-03-06	0	7.6	29	6
1983-03-07	0	8.5	23	6.5
1983-03-08	0	7.1	27	5
1983-03-09	0	6.2	26	4
1983-03-10	0	4.9	26	4.5
1983-03-11	0	4.7	26	5
1983-03-12	0	5.6	22	6
1983-03-13	0	5.2	20	3.5
1983-03-14	0	3.7	23	2
1983-03-15	0	4.6	22	2
1983-03-16	0	5.6	23	3.5
1983-03-17	0	4.8	26	4
1983-03-18	0	6	28	6
1983-03-19	0	7.6	27	6.5
1983-03-20	0	6.8	27	7
1983-03-21	0	5.3	27	7
1983-03-22	0	5.5	25	6.5
1983-03-23	0	6.2	26	6
1983-03-24	0	6.1	28	3
1983-03-25	0	7.9	28	5
1983-03-26	0	6.5	27	7
1983-03-27	0	7.2	27	7.5
1983-03-28	0	6.3	26	8
1983-03-29	0	7.5	27	8
1983-03-30	0	7.1	26	7
1983-03-31	0	8.4	28	7.5
1983-04-01	0	8.6	30	6
1983-04-02	0	9.6	30	3
1983-04-03	0	8.4	28	4
1983-04-04	0	5.1	26	3
1983-04-05	0	7.1	25	4
1983-04-06	1	3.7	23	4
1983-04-07	0	5.8	23	5
1983-04-08	0	4.3	24	6
1983-04-09	0	6.1	25	6
1983-04-10	0	7.5	27	10
1983-04-11	0	7.7	28	9
1983-04-12	0	9.1	28	8
1983-04-13	0	9.2	26	6
1983-04-14	0	7.7	27	7.5
1983-04-15	0	8.7	28	8
1983-04-16	0	8.6	26.5	9
1983-04-17	0	6.3	29	7
1983-04-18	0	9.4	33	10
1983-04-19	0	8.6	30	10
1983-04-20	0	9.7	28	9.5
1983-04-21	0	11.4	27	8
1983-04-22	0	8.1	31	6.5
1983-04-23	0	11	32	10
1983-04-24	0	8.2	31	11
1983-04-25	0	9.2	31	9
1983-04-26	0	10.2	30	10
1983-04-27	0	10.9	31	11
1983-04-28	0	9.5	32	9
1983-04-29	0	13.4	34	8
1983-04-30	0	9.4	30	9
1983-05-01	0	6.7	33	11
1983-05-02	0	4.9	32	10
1983-05-03	0	5	36	9
1983-05-04	0	9.7	34	9
1983-05-05	0	9.9	30	6
1983-05-06	0	9.8	34	8
1983-05-07	0	8.7	35	5
1983-05-08	0	8.8	34	7
1983-05-09	0	7.3	33	10
1983-05-10	0	7.8	33	7
1983-05-11	0	8.1	32	8
1983-05-12	0	8.8	32	10
1983-05-13	0	10.5	33	10
1983-05-14	0	8.7	33	7
1983-05-15	0	9.4	34	8
1983-05-16	0	9.2	34	10
1983-05-17	0	6.3	34	9
1983-05-18	0	8.1	33	9
1983-05-19	0	6.3	33	8
1983-05-20	0	11.1	32	8
1983-05-21	0	10.1	35	8
1983-05-22	0	8.1	35	9
1983-05-23	0	7.6	33	11
1983-05-24	0	6.6	28	12
1983-05-25	0	4.2	27	12
1983-05-26	5.5	1.5	19	12
1983-05-27	26	1	20	12
1983-05-28	2.5	1.5	16	10
1983-05-29	0	4.3	22	9
1983-05-30	0	4.7	24	10
1983-05-31	0	7.1	27	11
1983-06-01	0	7.4	28	9
1983-06-02	0	9.2	30	8
1983-06-03	0	6.8	31	9
1983-06-04	0	6.9	33	9
1983-06-05	0	6.2	31	10
1983-06-06	0	10.6	33	9
1983-06-07	0	9.4	31	11
1983-06-08	0	7.1	32	11
1983-06-09	0	10	32	13
1983-06-10	0	6.7	32	12
1983-06-11	0	6.7	34	6
1983-06-12	0	8.4	33	8
1983-06-13	0	6.4	31	13
1983-06-14	0	5.7	31	11
1983-06-15	1	6.8	30	12
1983-06-16	0	5.7	28	12
1983-06-17	0	6.9	31	11
1983-06-18	0	9.5	31	12
1983-06-19	0	9.9	32	10
1983-06-20	0	9.2	33	11
1983-06-21	0	7.3	30	10
1983-06-22	5.6	5.7	29	12
1983-06-23	3	2.2	28	13
1983-06-24	0	5.7	28	12
1983-06-25	0	7.7	30	13
1983-06-26	0	6.7	31	14
1983-06-27	0	9.1	31	12
1983-06-28	1	4.8	31	12
1983-06-29	1	6.6	32	13
1983-06-30	8	8.9	31	13
1983-07-01	13	3.2	24	12
1983-07-02	53	5.7	25	13
1983-07-03	12.5	3.5	23	12
1983-07-04	2	4.6	23	13
1983-07-05	8	1.7	22	13
1983-07-06	0	3.4	21	12
1983-07-07	0	2.9	24	13
1983-07-08	0	8.4	26	10
1983-07-09	5	5.2	25	10
1983-07-10	0	5.9	25	12
1983-07-11	0	7.4	26	11
1983-07-12	33.5	4.4	26	9
1983-07-13	34	4.6	24	10
1983-07-14	5	5.7	26	13
1983-07-15	0	6.1	25	13
1983-07-16	2	3.4	27	14
1983-07-17	0	2.5	25	14
1983-07-18	0	5.9	24.5	13
1983-07-19	0	5.3	24	10
1983-07-20	0	4.7	26	14
1983-07-21	0	3.3	25	12
1983-07-22	0	6.8	26	11
1983-07-23	0	6.3	24	10
1983-07-24	0	7.3	26	9
1983-07-25	0	6.6	27	12
1983-07-26	0	5	27	10
1983-07-27	0	7.2	29	11
1983-07-28	8	7.6	28	9.5
1983-07-29	0	8.5	27	10.5
1983-07-30	0	7	26	10
1983-07-31	13	5.9	27	10
1983-08-01	0	9.5	25	10
1983-08-02	0	7.9	27	11
1983-08-03	13	6.2	25	12
1983-08-04	0	4.3	24	12
1983-08-05	0	5	24	12
1983-08-06	2	2.5	24	13
1983-08-07	7	3.5	25	12
1983-08-08	0	4.2	25	12
1983-08-09	3	2	24	12
1983-08-10	4	4.1	26	12
1983-08-11	0	6.4	26	11
1983-08-12	3	6.5	26	11
1983-08-13	2.5	3.9	26	13
1983-08-14	26	4.5	24	13
1983-08-15	8.5	3.6	24	12
1983-08-16	0	4	25	12
1983-08-17	0	5.2	25	13
1983-08-18	0	5.9	27	12
1983-08-19	2.5	3.8	27	11
1983-08-20	0	5.9	27	11
1983-08-21	0	6.7	27	10
1983-08-22	0	5.8	26	11
1983-08-23	0	7.9	27	12
1983-08-24	0	7.1	27	10
1983-08-25	0	6.6	25	10
1983-08-26	0	6.7	28	11
1983-08-27	0	5.8	28	10
1983-08-28	0	6.8	28	8
1983-08-29	27	5.7	26	9
1983-08-30	0	4.7	26	11
1983-08-31	0	7.5	27	9
1983-09-01	0	6.6	27	11
1983-09-02	0	5.1	26	10
1983-09-03	0	4.2	24	11
1983-09-04	1	4.3	24	10
1983-09-05	10.9	5.8	30	10
1983-09-06	0	5.6	29	10
1983-09-07	0	2.1	27	12
1983-09-08	1.8	2.5	29	12
1983-09-09	20	2	24	12
1983-09-10	17.5	2.8	26	12
1983-09-11	0	4.3	24	13
1983-09-12	9	3.8	25	12
1983-09-13	0	3	25	11
1983-09-14	0	4.9	24	11
1983-09-15	0	5.8	25	10
1983-09-16	0	3.9	26	11
1983-09-17	1	4.4	25	12
1983-09-18	0	1.6	27	12
1983-09-19	21	6.3	25	12
1983-09-20	7.9	1.8	26	13
1983-09-21	0	6.3	24	9
1983-09-22	0	3	22	8
1983-09-23	0	4.9	23	10
1983-09-24	0	4.2	21	11
1983-09-25	0	2.6	23	10
1983-09-26	0	3.9	25	9
1983-09-27	0	7.3	25	9
1983-09-28	0	3.5	27	7
1983-09-29	0	3.7	25	7
1983-09-30	0	7.2	29	8
1983-10-01	0	6.5	27	9
1983-10-02	0	6.3	27	8
1983-10-03	0	6.4	30	10
1983-10-04	0	4.9	29	10
1983-10-05	0	7.6	27	8
1983-10-06	0	6.3	28	8
1983-10-07	0	5.5	29	7
1983-10-08	0	6.5	29	8
1983-10-09	0	4.2	29	8
1983-10-10	0	5.5	26	7
1983-10-11	0	5.5	28	9
1983-10-12	48	1	25	10
1983-10-13	0.6	5.3	20	8
1983-10-14	0	3.8	26	10
1983-10-15	0	4	27	13
1983-10-16	0	4.7	26	10
1983-10-17	0	2.9	24	9
1983-10-18	7.5	1.5	24	10
1983-10-19	0	3.3	22	12
1983-10-20	6	3.4	25	8
1983-10-21	0	4.4	24	9
1983-10-22	0	4.4	25	9
1983-10-23	0	4	26	9
1983-10-24	0	4.7	25	10
1983-10-25	0	4.8	26	8
1983-10-26	0	2.9	26	9
1983-10-27	0	4.7	26	6
1983-10-28	0	4.1	24	9
1983-10-29	0	4	24	10
1983-10-30	0	3.9	26	9
1983-10-31	0	3.9	29	10
1983-11-01	0	3.7	26	9
1983-11-02	0	4.1	25	5
1983-11-03	0	3.2	29	10
1983-11-04	4	2.2	24	8
1983-11-05	9	1.4	28	7
1983-11-06	0	2.4	24	10
1983-11-07	0	3.9	25	5
1983-11-08	10	3.6	25	5
1983-11-09	0	2.6	22	5
1983-11-10	0	3.3	23	4
1983-11-11	0	4.3	25	4
1983-11-12	0	4.1	25	3
1983-11-13	0	3.1	23	2
1983-11-14	0	2.7	26	3
1983-11-15	0	4.1	25	3
1983-11-16	0	5.3	27	4
1983-11-17	0	3.8	27	3
1983-11-18	0	3.2	27	3
1983-11-19	0	2.2	29	2
1983-11-20	0	3.7	24	2
1983-11-21	1	3.4	23	2
1983-11-22	0	4	23	4
1983-11-23	0	3.5	23	5
1983-11-24	0	3.7	29	-1
1983-11-25	0	2.9	29	0
1983-11-26	0	4	23	2
1983-11-27	0	4.2	21	7
1983-11-28	0	3.5	24	4
1983-11-29	0	3.3	24	0
1983-11-30	0	2.7	27	-1
1983-12-01	0	3.9	26	5
1983-12-02	0	4.3	24	6
1983-12-03	0	5.4	24	6.5
1983-12-04	0	3.7	25	8
1983-12-05	0	3.8	26	7
1983-12-06	0	4.4	24	9
1983-12-07	0	2.7	23.5	6
1983-12-08	0	1.4	25	5
1983-12-09	0	2.5	27	4.5
1983-12-10	0	3.1	26.5	6
1983-12-11	0	5.3	24	3.5
1983-12-12	0	6.8	25	5
1983-12-13	0	4.2	24.5	6.5
1983-12-14	0	4.7	23	7
1983-12-15	0	3.7	23.5	4
1983-12-16	0	4.5	22	2
1983-12-17	0	2.9	23	1
1983-12-18	0	4.8	21.5	3
1983-12-19	0	4	22	1.5
1983-12-20	0	3.2	24	2
1983-12-21	0	4.8	23	5
1983-12-22	0	3.7	25	2
1983-12-23	0	2.1	24	1
1983-12-24	0	2.8	24.5	2.5
1983-12-25	0	3.6	26	0.5
1983-12-26	0	3.1	25	2
1983-12-27	0	2	23.5	5
1983-12-28	0	2.9	24	4.5
1983-12-29	0	1.9	22	3
1983-12-30	0	2.5	17	0
1983-12-31	0	2.8	20.5	-2
