COMISIÓN NACIONAL DEL AGUA
COORDINACIÓN GENERAL DEL SERVICIO METEOROLÓGICO NACIONAL
BASE DE DATOS CLIMATOLÓGICA NACIONAL 

REGISTRO DIARIO HISTÓRICO
EMISIÓN   : 01/05/2026 

DATOS DISPONIBLES EN LA BASE DE DATOS A: MAY DE 2026; 
CON LA INFORMACIÓN SUMINISTRADA POR LAS UNIDADES ADMINISTRATIVAS 

 ESTACIÓN  : 1036 
 NOMBRE    : SANTA ROSA 
 ESTADO    : AGUASCALIENTES 
 MUNICIPIO : AGUASCALIENTES 
 SITUACIÓN : SUSPENDIDA 
 CVE-OMM   :   
 LATITUD   : 21.81666667 ° 
 LONGITUD  : -102.3 ° 
 ALTITUD   : 1860 msnm 




FECHA		PRECIP	EVAP	TMAX	TMIN
		(mm)	(mm)	(°C )	(°C)
1972-03-01	0	12	23	3
1972-03-02	0	6.2	23	-4
1972-03-03	0	9.1	24	-3
1972-03-04	0	9.4	25	-1
1972-03-05	0	10.9	19	2
1972-03-06	0	8.6	23	4
1972-03-07	0	7.6	24	5
1972-03-08	0	9.2	23	3
1972-03-09	0	8.1	25	8
1972-03-10	9	6.3	20	8
1972-03-11	0	5.2	19	6
1972-03-12	0	8.3	23	5
1972-03-13	0	8.3	22	1
1972-03-14	0	8.7	18	4
1972-03-15	0	7.4	20	2
1972-03-16	0	9.3	20	1
1972-03-17	0	12.6	23	6
1972-03-18	0	9.6	18	2
1972-03-19	0	12	20	4
1972-03-20	0	11.3	18	7
1972-03-21	0	11.9	19	7
1972-03-22	0	6.9	20	7
1972-03-23	0	7.8	19	9
1972-03-24	0	8.8	24	8
1972-03-25	2.8	8.3	22	9
1972-03-26	0	8.2	18	7
1972-03-27	0	8	24	7
1972-03-28	0	11.7	20	3
1972-03-29	0	13.4	19	2
1972-03-30	0	15.6	19	1
1972-03-31	0	10.1	22	1
1972-04-01	0	8.4	19	3
1972-04-02	0	9.4	23	2
1972-04-03	0	11.7	23	2
1972-04-04	0	9.6	27	4
1972-04-05	0	8.5	27	8
1972-04-06	0	9.7	30	8
1972-04-07	0	12.9	31	9
1972-04-08	0	11.4	26	7
1972-04-09	0	10.9	29	9
1972-04-10	0	9.9	28	7
1972-04-11	0	11.3	31	8
1972-04-12	0	10.9	28	9
1972-04-13	0	8.8	28	11
1972-04-14	0	8.6	28	8
1972-04-15	0	7.4	29	5
1972-04-16	0	9.3	27	10
1972-04-17	0	9.8	26	10
1972-04-18	0	8.4	27	8
1972-04-19	0	9.6	27	9
1972-04-20	0	9.5	28	10
1972-04-21	0	10.9	28	8
1972-04-22	0	8.7	27	9
1972-04-23	0	8.4	25	8
1972-04-24	0	9.3	27	7
1972-04-25	0	7.6	25	10
1972-04-26	0	8.4	26	9
1972-04-27	0	6.2	29	9
1972-04-28	0	7.9	28	11
1972-04-29	0	5.6	26	6
1972-04-30	0	7.4	25	8
1972-05-01	0	10.5	29	7
1972-05-02	0	12.1	27	9
1972-05-03	0	11.1	25	6
1972-05-04	0	9.7	26	8
1972-05-05	0	9.4	25	8
1972-05-06	0	9	27	7
1972-05-07	0	10.1	28	8
1972-05-08	0	11.4	26	9
1972-05-09	0	11.1	27	6
1972-05-10	0	9.7	26	7
1972-05-11	0	10.1	26	6
1972-05-12	0	9.8	28	7
1972-05-13	0	9.6	27	6
1972-05-14	0	8.7	25	7
1972-05-15	0	9.9	24	7
1972-05-16	0	8.3	30	7
1972-05-17	0	8.1	28	8
1972-05-18	0	8	29	9
1972-05-19	0	9.3	28	10
1972-05-20	0	11.5	31	11
1972-05-21	0	8.4	29	12
1972-05-22	0	7.4	30	15
1972-05-23	0	6.3	29	11
1972-05-24	1.5	7.4	26	11
1972-05-25	0	6.4	24	11
1972-05-26	32	6.3	25	10
1972-05-27	20.7	4.7	24	11
1972-05-28	52.8	3.8	23	12
1972-05-29	6.7	2.2	24	10
1972-05-30	2.7	3.4	22	12
1972-05-31	0	4.2	23	13
1972-06-01	1.2	8.7	30	10
1972-06-02	3	6.2	28	10
1972-06-03	1.3	5.2	27	12
1972-06-04	22.4	5.2	26	13
1972-06-05	7.3	4.9	25	10
1972-06-06	13.8	4.6	26	10
1972-06-07	39.4	4.7	24	12
1972-06-08	0	3.4	26	10
1972-06-09	1.4	5.7	28	12
1972-06-10	0	7.6	30	13
1972-06-11	1.3	6.9	32	12
1972-06-12	0	7.4	31	14
1972-06-13	23	6.5	28	15
1972-06-14	0	5.6	27	13
1972-06-15	0	7.4	28	12
1972-06-16	0	9.4	29	12
1972-06-17	0	8.5	27	14
1972-06-18	0	10.3	26	11
1972-06-19	0	9.7	25	10
1972-06-20	0	11.1	29	12
1972-06-21	0	8.6	27	11
1972-06-22	0	7.9	30	13
1972-06-23	0	6.5	29	14
1972-06-24	15.2	8.4	26	12
1972-06-25	0	6.2	27	10
1972-06-26	0	6.4	28	11
1972-06-27	21.7	5.9	26	13
1972-06-28	0	5.3	25	10
1972-06-29	0	6.2	27	11
1972-06-30	2	4.9	28	11
1972-07-01	8	6	26	12
1972-07-02	36	5.7	25	14
1972-07-03	13	5.7	23	14
1972-07-04	0	4.9	21	11
1972-07-05	0	7	24	10
1972-07-06	0	8.5	25	9
1972-07-07	0	9.1	24	10
1972-07-08	0	8.9	26	10
1972-07-09	0	10.3	29	12
1972-07-10	0	9.3	27	11
1972-07-11	0	7.1	30	13
1972-07-12	0	9.2	28	12
1972-07-13	0	8.9	26	13
1972-07-14	4.5	6.2	25	11
1972-07-15	20	5.8	22	10
1972-07-16	2.2	4.5	23	10
1972-07-17	0.2	5.6	24	11
1972-07-18	39	5.1	21	10
1972-07-19	22.4	3.1	22	8
1972-07-20	9	4.2	20	10
1972-07-21	0.8	5	24	9
1972-07-22	0.7	6.2	26	11
1972-07-23	0	5.5	27	12
1972-07-24	0	7.9	25	13
1972-07-25	0.2	7.9	25	11
1972-07-26	0	10.2	27	10
1972-07-27	0	8.4	26	12
1972-07-28	0	6.1	28	13
1972-07-29	0	4.2	29	12
1972-07-30	0	6.5	27	10
1972-07-31	0	5.3	26	11
1972-09-01	0	9.3	21	10
1972-09-02	0	9.9	25	12
1972-09-03	0	8	21	11
1972-09-04	0	8.7	26	9
1972-09-05	0	9.5	21	12
1972-09-06	0	6.6	29	9
1972-09-07	0	8.8	25	13
1972-09-08	0	8.8	21	10
1972-09-09	0	9.6	23	10
1972-09-10	1.6	7.5	21	11
1972-09-11	0	9.6	24	9
1972-09-12	0	7.2	21	11
1972-09-13	0	6.2	21	10
1972-09-14	8.3	5.6	20	9
1972-09-15	5.4	4.4	21	13
1972-09-16	27.4	2.1	15	13
1972-09-17	11	3.2	21	12
1972-09-18	0	6.3	20	13
1972-09-19	0	5.4	21	10
1972-09-20	0	5.2	20	9
1972-09-21	0	6.1	18	9
1972-09-22	6	2	17	12
1972-09-23	0.3	5.2	15	13
1972-09-24	0	6.6	17	10
1972-09-25	0	4.6	17	9
1972-09-26	0	5.4	23	11
1972-09-27	0	6.9	20	12
1972-09-28	0	6.3	19	10
1972-09-29	0	8.2	21	9
1972-09-30	0	10.2	18	7
1972-10-01	0	4.4	24	9
1972-10-02	0	8.4	23	10
1972-10-03	0	9	22	6
1972-10-04	0	8.1	22	4
1972-10-05	0	4.7	19	9
1972-10-06	0	7.2	22	9
1972-10-07	0.4	5.1	22	12
1972-10-08	0.7	6	21	11
1972-10-09	6.8	5.4	22	13
1972-10-10	0	6.7	21	13
1972-10-11	0	4.8	19	11
1972-10-12	0	6.1	18	11
1972-10-13	0	5.1	19	11
1972-10-14	0	9.1	20	8
1972-10-15	0	7.5	21	9
1972-10-16	0	4.4	22	8
1972-10-17	0	6.2	24	8
1972-10-18	0	8.7	22	9
1972-10-19	0	9.5	21	9
1972-10-20	0	5.4	19	10
1972-10-21	0.2	2.5	21	13
1972-10-22	0	6	23	8
1972-10-23	0	7.7	23	9
1972-10-24	0	5.1	21	12
1972-10-25	0	5.6	22	11
1972-10-26	0	8.5	20	5
1972-10-27	0	7.8	23	4
1972-10-28	0	6.4	21	5
1972-10-29	0	4.8	22	11
1972-10-30	0	7.5	21	9
1972-10-31	0	5.5	22	8
1972-11-01	0	7.4	22	7
1972-11-02	0	5.3	24	10
1972-11-03	0	6.1	23	9
1972-11-04	0.4	3.6	22	7
1972-11-05	0	5.9	22	7
1972-11-06	0	5.4	23	4
1972-11-07	0	9.2	21	7
1972-11-08	0	5.8	21	4
1972-11-09	0	6	21	5
1972-11-10	0	6.1	22	5
1972-11-11	0	6.7	22	5
1972-11-12	0	7.7	23	7
1972-11-13	0	7.3	23	4
1972-11-14	0	6.2	22	3
1972-11-15	0	9	22	5
1972-11-16	0	5.9	21	4
1972-11-17	0	7.8	19	4
1972-11-18	0.5	4.6	15	9
1972-11-19	0	3.2	17	9
1972-11-20	0.2	4	19	11
1972-11-21	0	4.6	19	9
1972-11-22	0.7	2	16	11
1972-11-23	0	4.1	14	12
1972-11-24	0.5	3.1	15	12
1972-11-25	0.3	1	14	12
1972-11-26	0.2	4.8	14	5
1972-11-27	1	2.6	17	7
1972-11-28	0	1.5	14	7
1972-11-29	0	2.1	16	8
1972-11-30	0	5.7	22	5
1973-01-01	13.3	1.5	16	8
1973-01-02	3	0.8	19	9
1973-01-03	0	1.5	16	5
1973-01-04	0	2.8	22	3
1973-01-05	0	3.2	23	4
1973-01-06	0	5.3	21	5
1973-01-07	0	4.1	22	5
1973-01-08	3.5	4.7	23	4
1973-01-09	5.1	4.5	21	6
1973-01-10	1.5	3.2	18	3
1973-01-11	0	3.7	16	2
1973-01-12	0	3.3	17	-3
1973-01-13	0	4.8	20	-3
1973-01-14	0	3.7	21	1
1973-01-15	0	1.8	19	-2
1973-01-16	0	2.9	22	-3
1973-01-17	0	4.3	20	2
1973-01-18	0	4.1	21	-1
1973-01-19	0	6.6	23	1
1973-01-20	0	5.6	20	3
1973-01-21	0	4.9	19	-1
1973-01-22	0	5.3	20	-2
1973-01-23	0	6.7	21	-1
1973-01-24	0	7.4	22	1
1973-01-25	0	7.1	20	2
1973-01-26	0	5.8	21	1
1973-01-27	0	8.5	23	1
1973-01-28	0	6.4	18	2
1973-01-29	0	5	17	-6
1973-01-30	0	4.3	21.5	-4
1973-01-31	0	7	23	1
1973-02-01	0	7.1	28	1
1973-02-02	0	7.6	23	3
1973-02-03	0	5.5	24	2
1973-02-04	0	6.7	25	-1
1973-02-05	0	7.3	25	2.5
1973-02-06	0	8.3	25	1
1973-02-07	0	12.6	23	4
1973-02-08	0	11.5	21	3
1973-02-09	0	5.9	20	5
1973-02-10	0	6.1	26	-3
1973-02-11	0	8.6	24	-4
1973-02-12	0	9.6	27	-2
1973-02-13	0	10.2	29	1
1973-02-14	0	8.8	26	-2
1973-02-15	0	10.7	29	0
1973-02-16	12.5	5.5	18	3
1973-02-17	0.3	3.6	20	5
1973-02-18	0.5	2.4	17	6
1973-02-19	0	5.5	17	9
1973-02-20	0	5.9	18	10
1973-02-21	0	4.6	17	10
1973-02-22	0	7.7	19	11
1973-02-23	0	7.4	23	3
1973-02-24	0	7	24	2
1973-02-25	0	10.6	22	4
1973-02-26	0	5.3	23	7
1973-02-27	0	6.1	21	5
1973-02-28	0	7.4	25	2
1973-03-01	0	8.8	25	4
1973-03-02	0	12.2	23	5
1973-03-03	0	11.6	27	4
1973-03-04	0	13.8	26	6
1973-03-05	0	13.7	26	3
1973-03-06	0	13.2	23	7
1973-03-07	0	0.6	25	4.5
1973-03-08	0	11.3	24	5
1973-03-09	0	9.2	24	6
1973-03-10	0	13.4	29	9
1973-03-11	0	9.2	28	7
1973-03-12	0	14.6	24	8
1973-03-13	0	16	26	7
1973-03-14	0	13.6	21	9
1973-03-15	0	13.4	20	10
1973-03-16	0	9.9	19	9.5
1973-03-17	0	8.6	24	5
1973-03-18	0	13.2	23	6
1973-03-19	0	10.6	26	5
1973-03-20	0	11	20	9
1973-03-21	0	9.7	20	10.5
1973-03-22	0	10.6	18	10.5
1973-03-23	0	9.6	19	12
1973-03-24	0	15.5	24	8
1973-03-25	0	14.3	23	10
1973-03-26	0	11.4	26	8
1973-03-27	0	8.2	25	7
1973-03-28	0	16.9	24	8.5
1973-03-29	0	17.1	26	6
1973-03-30	0	11.6	20	8
1973-03-31	0	15.3	25	5
1973-04-01	0	14.5	27	3
1973-04-02	0	13.3	28	5
1973-04-03	0	14.3	28	7
1973-04-04	0	14.6	29	4
1973-04-05	0	11.4	21	8
1973-04-06	0	16.5	20	10
1973-04-07	0	14.8	26	4
1973-04-08	0	15.3	24	2
1973-04-09	0	11.3	25	6
1973-04-10	0	11	28	4
1973-04-11	0	12.4	27	7
1973-04-12	0	12.9	25	6
1973-04-13	0	8.2	24	8
1973-04-14	0	12.6	22	10
1973-04-15	0	11.6	21	10
1973-04-16	0	10.2	22	12
1973-04-17	0	11.6	24	12
1973-04-18	0	12.8	20	9
1973-04-19	0	14	21	9
1973-04-20	0	13.9	29	4
1973-04-21	0	12.8	27	8.5
1973-04-22	0	11.4	27	9
1973-04-23	0	16.8	28	12
1973-04-24	0	16.5	29	10
1973-04-25	0	12.9	30	8
1973-04-26	0	11.7	28	10
1973-04-27	0	12.9	30	9
1973-04-28	0	16.2	30	12
1973-04-29	0	13.7	29	8
1973-04-30	0	12.1	27	10
1973-05-01	0	11.3	26	9
1973-05-02	0	14.8	30	8
1973-05-03	0	10.7	27	12
1973-05-04	0	11.6	25	13
1973-05-05	0	12.6	25	11
1973-05-06	0	8.9	29	9
1973-05-07	0	12.1	24	12
1973-05-08	0	13.6	24	11
1973-05-09	0	11.2	27	11
1973-05-10	0	13.6	28	10
1973-05-11	0	9.7	27	12
1973-05-12	0	12.4	28	12
1973-05-13	5.5	10.6	28	13
1973-05-14	4	11.5	29	10
1973-05-15	0	12.7	28	9
1973-05-16	0	8	26.5	9
1973-05-17	0	5.5	17	12
1973-05-18	0	6.5	26	11
1973-05-19	0	6.1	26.5	11
1973-05-20	0	5.4	27	12
1973-05-21	0	10.6	27	11
1973-05-22	0	10.7	29	13
1973-05-23	0	10.8	30	12
1973-05-24	0	11.9	30	11
1973-05-25	0	9.7	29	14
1973-05-26	0	10.9	31	13
1973-05-27	0	15.5	31	11
1973-05-28	6.3	13.9	32	14
1973-05-29	0	14.6	33	14
1973-05-30	0	7.7	32	11
1973-05-31	0	6.4	29	10
1973-06-01	1.5	7.3	27	12
1973-06-02	0	11.6	31	11
1973-06-03	0	12.7	30	12
1973-06-04	0	14.9	30	11
1973-06-05	0	10.2	29	12
1973-06-06	0	14.9	27	13
1973-06-07	0	10.8	27	13
1973-06-08	0	9.7	24	12
1973-06-09	7.6	6	27	13
1973-06-10	0	12.5	26	11
1973-06-11	0	9.4	23	11
1973-06-12	0	9.6	26	9
1973-06-13	0	13.3	30	13
1973-06-14	0	11.6	28	12
1973-06-15	0	12.4	29	12
1973-06-16	0	11.1	32	13
1973-06-17	0	17.2	27	12
1973-06-18	0	8.3	27	14
1973-06-19	0	12.3	28	14
1973-06-20	0	12.1	28	12
1973-06-21	0	9.4	27	14
1973-06-22	14.5	9	16	13
1973-06-23	8.5	7.6	17	13
1973-06-24	4	8	18	14
1973-06-25	17.5	5.2	24	14
1973-06-26	11.5	5.8	26	14
1973-06-27	1	6.1	24	10
1973-06-28	4	7	26	12
1973-06-29	5.5	8.3	25	12
1973-06-30	15.8	9.6	17	12
1973-10-01	0	6.1	20	10
1973-10-02	0	6.9	22.5	11
1973-10-03	0	8.4	19	11
1973-10-04	0	6	17	9
1973-10-05	0	7.6	21.5	9
1973-10-06	0	8.8	20	9
1973-10-07	0	7.2	21	9
1973-10-08	0	6	18	9
1973-10-09	0	6.3	18	5
1973-10-10	0	8.5	19	8
1973-10-11	2.3	8.1	20	10
1973-10-12	3.4	5.6	18	11
1973-10-13	4.8	5.3	20	12.5
1973-10-14	0	3.2	21	10
1973-10-15	0	4.7	20	12
1973-10-16	30	4.2	21	10
1973-10-17	0	5	21	9
1973-10-18	0	5.3	24	9
1973-10-19	0	3.8	23	10
1973-10-20	0	5.2	25	8
1973-10-21	0	5.6	24	11
1973-10-22	0	4.7	24	10
1973-10-23	0	6.4	23	12
1973-10-24	0	5.7	21	11
1973-10-25	0	3.5	25	10
1973-10-26	0	4.7	24	12
1973-10-27	0	4.2	23	12
1973-10-28	8.5	4.3	22	11
1973-10-29	0	3.2	20	10
1973-10-30	0	4.2	19	9
1973-10-31	0	2.2	21	9
1973-11-01	0	6.8	26	6
1973-11-02	0	7.1	24	9
1973-11-03	0	3.3	26	7
1973-11-04	0	6	27	10
1973-11-05	0	9.4	25	12
1973-11-06	0	6.3	24	11
1973-11-07	0	5.4	23	9
1973-11-08	0	7.9	21	8
1973-11-09	0	8.2	20	6
1973-11-10	0	5.9	24	7
1973-11-11	0	6.5	23	8
1973-11-12	0	5.9	21	10
1973-11-13	0	5.4	20	6
1973-11-14	0	5	22	4
1973-11-15	0	5.2	19	5
1973-11-16	0	6.5	20	4
1973-11-17	0	5.3	18	2
1973-11-18	0	4.5	21	0
1973-11-19	0	4.9	20	2
1973-11-20	0	6.2	19	1
1973-11-21	0	6	22	-1
1973-11-22	0	6.1	24	0
1973-11-23	0	6.8	23	3
1973-11-24	0	6.3	25	4
1973-11-25	0	7.4	24	4
1973-11-26	0	5.4	26	3
1973-11-27	0	6.3	25	6
1973-11-28	0	5.6	22	5
1973-11-29	0	6.5	20	4
1973-11-30	0	4.2	21	3
1973-12-01	0	3.2	20	-2
1973-12-02	0	3.7	19	-1
1973-12-03	0	5.5	21	1
1973-12-04	0	6.4	21	-3
1973-12-05	0	7.1	21	-4
1973-12-06	0	6.7	22	-1
1973-12-07	0	3.6	17	-1
1973-12-08	0	4.7	20	-3
1973-12-09	0	5.4	20	3
1973-12-10	0	3.6	18	-3
1973-12-11	0	4.3	18	-3
1973-12-12	0	4.3	20	-3
1973-12-13	0	4.5	21	-3
1973-12-14	0	4.8	20	-3
1973-12-15	0	6.2	17	-3
1973-12-16	0	4.8	18	3
1973-12-17	0	4.2	21	-3
1973-12-18	0	7.4	19	-3
1973-12-19	0	4.4	18	-3
1973-12-20	0	5.6	17	-3
1973-12-21	0	3.4	17	-4
1973-12-22	0	4.8	18	-4
1973-12-23	0	7.4	17	-4
1973-12-24	0	5.4	17	-4
1973-12-25	0	7.7	16	-4
1973-12-26	0	6.9	18	-4
1973-12-27	0	5.8	18	-4
1973-12-28	0	5.2	19	-4
1973-12-29	0	6	21	-4
1973-12-30	0	6.7	21	-4
1973-12-31	0	4.8	19	-4
1974-01-01	0	2.5	18	-4
1974-01-02	0	1.4	19	-4
1974-01-03	0	0.9	20	-4
1974-01-04	0	1.9	20	-4
1974-01-05	0	2.8	21	-4
1974-01-06	0	4.2	23	-4
1974-01-07	0	3.6	22	-4
1974-01-08	0	4.5	20	0
1974-01-09	0	6	21	1
1974-01-10	0	5.3	22	1
1974-01-11	0	3.3	16	1
1974-01-12	0	4.8	17	1
1974-01-13	0	3.2	22	1
1974-01-14	0	3.5	22	1
1974-01-15	0	4.3	22	1
1974-01-16	0	4.2	22	1
1974-01-17	0	4.6	22	0
1974-01-18	0	5.2	22	0
1974-01-19	0	4	21	0
1974-01-20	0	4.6	21	-2
1974-01-21	0	3.8	18	-2
1974-01-22	0	3.6	22	-2
1974-01-23	0	3.9	18	-1
1974-01-24	0	2.3	17	4
1974-01-25	0	4.1	16	2
1974-01-26	0	4.3	17	0
1974-01-27	0	4.8	20	-2
1974-01-28	0	3.7	22	-2
1974-01-29	0	2.4	21	-2
1974-01-30	0	4	22	-2
1974-01-31	0	3.2	23	-2
1974-03-01	0	13.4	21	1
1974-03-02	0	8.1	21	-1
1974-03-03	0	3.8	25	1
1974-03-04	0	8.5	27	3
1974-03-05	0	10.1	25	3
1974-03-06	0	9.2	24	4
1974-03-07	0	7.6	23	6
1974-03-08	0	11.3	24	4
1974-03-09	0	7.1	23	3
1974-03-10	0	10.1	22	3
1974-03-11	1.5	8.5	16	6
1974-03-12	0	8.8	22	8
1974-03-13	0	9.9	20	5
1974-03-14	0	8	22	7
1974-03-15	0	9.9	21	3
1974-03-16	0	10.1	20	6
1974-03-17	1.5	4.8	18	6
1974-03-18	0	9.2	18	4
1974-03-19	0	12	22	2
1974-03-20	0	7.9	20	4
1974-03-21	0	13.2	25	1
1974-03-22	0	11	25	2
1974-03-23	0	12	24	3
1974-03-24	0	12.2	22	3
1974-03-25	0	14.9	19	7
1974-03-26	0	13.9	22	3
1974-03-27	0	9.9	25	4
1974-03-28	0	8.4	26	3
1974-03-29	0	8.8	28	6
1974-03-30	0	10.6	26	8
1974-03-31	0	12.2	27	7
1974-04-01	0	12.8	23	4
1974-04-02	0	12.1	23	8
1974-04-03	0	7.5	24	4
1974-04-04	0	12.6	26	3
1974-04-05	0	8.9	22	7
1974-04-06	0	11.9	29	3
1974-04-07	0	9.6	23	8
1974-04-08	0	13	26	8
1974-04-09	0	11.2	26	10
1974-04-10	0	11.1	23	9
1974-04-11	0	15	22	7
1974-04-12	0	12.6	26	7
1974-04-13	0	10.8	23	5
1974-04-14	0	13	27	10
1974-04-15	0	8.8	24	11
1974-04-16	0	7.8	24	11
1974-04-17	0	7.2	28	7
1974-04-18	0	9.1	23	6
1974-04-19	0	10.8	22	3
1974-04-20	0	12.6	24	7
1974-04-21	0	14.4	23	8
1974-04-22	0	11.5	28	12
1974-04-23	0	9.4	23	13
1974-04-24	0	11.5	26	12
1974-04-25	0	12.5	27	8
1974-04-26	0	10.9	29	8
1974-04-27	0	9.7	29	10
1974-04-28	1.5	10.6	28	9
1974-04-29	0	8.2	29	9
1974-04-30	0	8.8	29	12
1974-05-01	0	11.4	21	9
1974-05-02	0	10.7	24	10
1974-05-03	0	10.3	26	6
1974-05-04	0	11.4	26	8
1974-05-05	0	13.8	26	8
1974-05-06	0	14.8	24	7
1974-05-07	0	14	24	6
1974-05-08	0	15	20	8
1974-05-09	0	14.5	25	9
1974-05-10	0	15.2	25	7
1974-05-11	0	15.7	27	8
1974-05-12	0	10.1	27	11
1974-05-13	0	12.6	27	10
1974-05-14	0	14.8	28	8
1974-05-15	0	14.9	28	6
1974-05-16	0	12.6	19	8
1974-05-17	0	12.3	19	9
1974-05-18	0	11.3	18	8
1974-05-19	0	9.9	20	9
1974-05-20	0	12.5	19	9
1974-05-21	0	11.6	19	9
1974-05-22	0	14	25	11
1974-05-23	0	10.9	23	10
1974-05-24	0	11.5	19	9
1974-05-25	0.3	14.1	23	8
1974-05-26	0	11.6	18	12
1974-05-27	0	9.1	21	10
1974-05-28	0	11.9	16	11
1974-05-29	9.5	8.2	16	12
1974-05-30	0	1.7	23	12
1974-05-31	0	6	25	12
1974-06-01	0	8.4	27	14
1974-06-02	0	7.7	29	12
1974-06-03	0	8.9	28	11
1974-06-04	0	8.4	29	10
1974-06-05	0	9.5	27	12
1974-06-06	0	7.9	28	14
1974-06-07	0	7.1	30	13
1974-06-08	0	6.9	28	10
1974-06-09	4.5	8.4	27	10
1974-06-10	0	7.8	27	11
1974-06-11	0	6.8	29	10
1974-06-12	0	10.5	31	12
1974-06-13	0	11.2	30	10
1974-06-14	0	9.4	28	12
1974-06-15	0	9.6	29	14
1974-06-16	0	6.4	27	12
1974-06-17	0	5.7	28	12
1974-06-18	0	6.9	28	9
1974-06-19	0.9	7.7	29	10
1974-06-20	0	6.4	27	12
1974-06-21	0	7.7	28	13
1974-06-22	0	6.9	30	10
1974-06-23	0.3	5.8	29	11
1974-06-24	0	9.7	28	11
1974-06-25	0	8.5	27	10
1974-06-26	0	7.5	28	9
1974-06-27	0	6.7	26	7
1974-06-28	0	7.4	27	4
1974-06-29	0	6.4	29	9
1974-06-30	0	5.8	28	9
1974-07-01	0.5	6.7	25	9
1974-07-02	0	6.7	27	9
1974-07-03	0.6	5	24	13
1974-07-04	0.3	5.6	22	11
1974-07-05	0	6.3	25	13
1974-07-06	3.5	7.5	26	13
1974-07-07	0.8	4.7	25	12
1974-07-08	0.4	5.8	26	11
1974-07-09	0.7	6.5	26	10
1974-07-10	17.5	5.2	26	10
1974-07-11	5.6	3.3	23	12
1974-07-12	3.6	1.6	26	12
1974-07-13	0	2	26	13
1974-07-14	0	4.3	23	9
1974-07-15	0	4.6	23	8
1974-07-16	0	5.6	23	9
1974-07-17	16.5	4.2	24	13
1974-07-18	14	3.5	24	12
1974-07-19	0	5.3	27	12
1974-07-20	0	4.9	23	9
1974-07-21	0	6.2	24	8
1974-07-22	0	5.6	26	10
1974-07-23	0.4	6.3	29	15
1974-07-24	0	7.1	26	13
1974-07-25	12.5	5.6	26	9
1974-07-26	1.3	4.6	25	12
1974-07-27	0	4.7	23	13
1974-07-28	0	6.7	21	12
1974-07-29	0	5.3	25	10
1974-07-30	4.6	5	24	9
1974-07-31	9.3	4.2	26	11
1974-08-01	20.4	6.2	14	11
1974-08-02	0	6.1	22	12
1974-08-03	0	3.8	17	11
1974-08-04	0	9.4	23	12
1974-08-05	0	7.6	22	10
1974-08-06	2	7.5	16	11
1974-08-07	2.2	6.3	22	13
1974-08-08	3	6.5	21	14
1974-08-09	11.2	7.4	15.1	11
1974-08-10	1.8	6.3	17	11
1974-08-11	0	7.7	21	11
1974-08-12	0	9	22	13
1974-08-13	0	8.7	22	10
1974-08-14	0	11.2	23	9
1974-08-15	0	9.7	23	9
1974-08-16	0	10.1	22	11
1974-08-17	0	7.9	22	12
1974-08-18	0.5	8.2	22	10
1974-08-19	1.9	1.8	17	13
1974-08-20	0	5	22	12
1974-08-21	0	7.1	24	10
1974-08-22	0	8.1	23	9
1974-08-23	0	6.4	23	8
1974-08-24	0	6	24	6
1974-08-25	14.7	7.3	16.1	8
1974-08-26	23.8	5	16	12
1974-08-27	11.5	5.1	16	12
1974-08-28	0.5	5.3	22	13
1974-08-29	0.4	4.1	21	14
1974-08-30	15	6.9	16.1	12
1974-08-31	0.6	3.9	18	12
1974-09-01	7.3	6.7	16	11
1974-09-02	0	5.7	24	11
1974-09-03	0	8.6	22	9
1974-09-04	0	6.1	22	10
1974-09-05	0	6.1	23	11
1974-09-06	0	8.4	23	12
1974-09-07	0	8.5	24	7
1974-09-08	0	10.8	24	6
1974-09-09	0	8.6	23	6
1974-09-10	0	9.6	18	9
1974-09-11	0	4.7	21	12
1974-09-12	23.4	6.6	16	11
1974-09-13	2.2	3.2	21	12
1974-09-14	0	5.3	21	13
1974-09-15	0	4.7	21	11
1974-09-16	0.1	3.8	18	14
1974-09-17	0.3	6.9	23	13
1974-09-18	0	6.9	20	10
1974-09-19	0	7	19	12
1974-09-20	0	6.8	20	9
1974-09-21	0	5.5	16	12
1974-09-22	4	2.9	16	14
1974-09-23	3	2.1	18	14
1974-09-24	16.2	6.3	13.1	12
1974-09-25	0	5	22	11
1974-09-26	6.3	3.7	16	13
1974-09-27	0	4	21	12
1974-09-28	27.4	3.5	14	10
1974-09-29	0	4.9	20	11
1974-09-30	0	4.5	19	10
1974-10-01	0	6.6	22	10
1974-10-02	0	7.4	18	8
1974-10-03	0	7.1	16	9
1974-10-04	0	6.8	19	6
1974-10-05	0	6.9	16	6
1974-10-06	0	8.5	23	6
1974-10-07	0	7.7	20	6
1974-10-08	0	6.4	20	5
1974-10-09	0	7.9	16	5
1974-10-10	0	6.4	19	6
1974-10-11	0	5.3	18	5
1974-10-12	0	6.2	24	6
1974-10-13	0	5.3	24	6
1974-10-14	0	6.3	26	8
1974-10-15	0	6.6	23	10
1974-10-16	0	6.4	21	6
1974-10-17	9.2	5.8	16	6
1974-10-18	0	3.7	19	10
1974-10-19	0	5.8	23	4
1974-10-20	0	6.1	22	4
1974-10-21	0	5	22	4
1974-10-22	0	6.8	21	7
1974-10-23	0	5.8	22	8
1974-10-24	0	5.4	23	8
1974-10-25	0	6.2	21	8
1974-10-26	0	5.1	23	8
1974-10-27	0	7.1	22	5
1974-10-28	0	7.9	23	8
1974-10-29	0	6.6	22	3
1974-10-30	0	6	22	7
1974-10-31	0	6.3	22	5
1974-11-01	0	5.6	24	6
1974-11-02	0	6.2	23	6
1974-11-03	0	7.7	26	5
1974-11-04	0	6.3	25	4
1974-11-05	0	5.7	22	5
1974-11-06	3	4.4	18	9
1974-11-07	0	3.3	21	11
1974-11-08	0	4.6	20	5
1974-11-09	0	5.2	23	5
1974-11-10	0	5.8	22	5
1974-11-11	0	5.1	16	7
1974-11-12	0	6.2	16	7
1974-11-13	0	3.8	19	-2
1974-11-14	0	5.7	16	-2
1974-11-15	0	5.2	22	0
1974-11-16	0	5.4	22	1
1974-11-17	0	4.9	22	3
1974-11-18	0	5.7	23	4
1974-11-19	0	5.8	22	4
1974-11-20	0	8.1	23	8
1974-11-21	0	4.1	22	9
1974-11-22	0	3.7	21	3
1974-11-23	0	5	19	7
1974-11-24	0	10	16	4
1974-11-25	0	5.8	13	3
1974-11-26	0	3.9	19	-7
1974-11-27	0	6.8	19	-2
1974-11-28	0	6.1	16	-3
1974-11-29	0	4	19	-2
1974-11-30	0	4.6	20	3
1974-12-01	0	5	21	9
1974-12-02	0	5.4	17	7
1974-12-03	0	4.4	17	3
1974-12-04	0	5	21	3
1974-12-05	0	7.2	23	2
1974-12-06	0	7.1	23	1
1974-12-07	0	6	20	-1
1974-12-08	0	5.2	18	0
1974-12-09	1.5	1.4	13	4
1974-12-10	0	5.3	18	2
1974-12-11	0	3.3	16	2
1974-12-12	4.5	2.8	11	4
1974-12-13	1	2	13	7
1974-12-14	0	4.7	19	8
1974-12-15	0	7.4	18	1
1974-12-16	0	5.7	19	2
1974-12-17	0	4.7	19	2
1974-12-18	0	6	19	4
1974-12-19	0	4.6	16	4
1974-12-20	0	2.3	16	3
1974-12-21	0	3.7	17	3
1974-12-22	0	2.7	16	2
1974-12-23	0	6.8	18	4
1974-12-24	0	4.4	21	3
1974-12-25	0	6.5	19	3
1974-12-26	0	2.6	14	7
1974-12-27	8.3	2.2	13	8
1974-12-28	0	3.4	16	9
1974-12-29	0	4.6	20	4
1974-12-30	0	5.4	19	3
1974-12-31	0	4.9	19	2
1975-01-01	0	4.6	19	4
1975-01-02	0	6.1	17	3
1975-01-03	0	6.7	19	2
1975-01-04	0	4.4	17	3
1975-01-05	0	3.6	17	2
1975-01-06	0	4.7	19	5
1975-01-07	0	5.2	18	4
1975-01-08	0	5.3	19	3
1975-01-09	0	7.7	19	3
1975-01-10	0	6.4	17	4
1975-01-11	0	7.4	19	-2
1975-01-12	0	5.8	22	-2
1975-01-13	0	4.4	16	-2
1975-01-14	0	4.7	21	-2
1975-01-15	0	4.9	21	-4
1975-01-16	0	7	19	-1
1975-01-17	0	4.3	17	-1
1975-01-18	3.2	3	18	3
1975-01-19	11	2.8	16	6
1975-01-20	2	0.9	17	6
1975-01-21	1.5	3.2	17	5
1975-01-22	0	3.7	15	5
1975-01-23	0	4.1	16	1
1975-01-24	0	6.1	19	1
1975-01-25	0	4.7	19	2
1975-01-26	0	6.3	22	4
1975-01-27	0	5.5	24	1
1975-01-28	0	6.3	23	3
1975-01-29	11	6.7	17	5
1975-01-30	0	5.2	21	7
1975-01-31	0	5.3	21	7
1975-02-01	0	5.6	20	7
1975-02-02	0	4.3	23	5
1975-02-03	0	4.4	20	5
1975-02-04	0	7.5	19	5
1975-02-05	0	7.3	20	1
1975-02-06	0	6.7	22	-1
1975-02-07	0	8.8	19	3
1975-02-08	0	8.5	19	1
1975-02-09	0	7	21	0
1975-02-10	0	11.4	21	0
1975-02-11	0	9.5	20	1
1975-02-12	0	6.5	19	-1
1975-02-13	0	4.6	19	4
1975-02-14	0	7.5	17	5
1975-02-15	0	9.3	19	3
1975-02-16	0	9.2	20	2
1975-02-17	0	8.7	20	1
1975-02-18	0	9.1	23	2
1975-02-19	0	6.8	20	6
1975-02-20	1.5	1.5	12	7
1975-02-21	0	8.4	18	-1
1975-02-22	0	10.1	16	-1
1975-02-23	0	13.1	11	3
1975-02-24	0	5.8	19	-4
1975-02-25	0	6.8	22	-5
1975-02-26	0	10.8	24	0
1975-02-27	0	10	25	1
1975-02-28	0	7.9	22	5
1975-03-01	0	10.1	24	2
1975-03-02	0	9.9	24	2
1975-03-03	0	8.9	25	2
1975-03-04	0	7.5	26	1
1975-03-05	0	9.6	25	1
1975-03-06	0	7.2	25	1
1975-03-07	0	9.3	24	2
1975-03-08	0	9.7	23	3
1975-03-09	0	10.7	25	3
1975-03-10	0	11.6	23	5
1975-03-11	0	11.9	20	3
1975-03-12	0	13	22	3
1975-03-13	0	9.4	21	0
1975-03-14	0	12.9	21	1
1975-03-15	0	11.2	21	3
1975-03-16	0	12.2	27	4
1975-03-17	0	14	25	3
1975-03-18	0	8.6	26	2
1975-03-19	0	8.4	26	6
1975-03-20	0	13.2	23	6
1975-03-21	0	10.9	25	6
1975-03-22	0	14.5	26	6
1975-03-23	0	9.2	23	4
1975-03-24	0	9.7	25	2
1975-03-25	0	11.7	23	5
1975-03-26	0	8.2	22	0
1975-03-27	0	13.1	22	9
1975-03-28	0	11.6	23	4
1975-03-29	0	8.7	23	4
1975-03-30	0	13.7	21	4
1975-03-31	0	16.8	23	9
1975-04-01	0	14.2	23	4
1975-04-02	0	11.2	29	6
1975-04-03	0	11.5	25	12
1975-04-04	0	11.6	23	7
1975-04-05	0	9.6	26	7
1975-04-06	0	11.4	21	9
1975-04-07	0	15.9	23	7
1975-04-08	0	12.8	20	5
1975-04-09	0	11.9	22	7
1975-04-10	0	11.2	24	8
1975-04-11	0	13.1	25	6
1975-04-12	0	12.7	26	7
1975-04-13	0	15.2	24	5
1975-04-14	0	11	24	9
1975-04-15	0	9.4	23	9
1975-04-16	0	10.4	25	9
1975-04-17	0	13.6	27	9
1975-04-18	0	14	25	9
1975-04-19	0	13.3	28	6
1975-04-20	0	10.7	28	7
1975-04-21	0	7.6	23	10
1975-04-22	0	11.6	29	8
1975-04-23	0	10.7	29	8
1975-04-24	0	12.8	29	10
1975-04-25	0	11.6	30	9
1975-04-26	0	11.8	27	9
1975-04-27	0	11	23	9
1975-04-28	0	13.1	26	7
1975-04-29	0	15.2	19	6
1975-04-30	0	13.7	22	5
1975-06-01	0	11.4	22	12
1975-06-02	0	12.8	16	10
1975-06-03	0	9.8	22	10
1975-06-04	0.3	10.4	25	13
1975-06-05	0	9.7	22	13
1975-06-06	0	13.4	26	11
1975-06-07	0	12.9	27	13
1975-06-08	0	13.8	26	13
1975-06-09	0	12.7	27	12
1975-06-10	0	12.4	24	11
1975-06-11	0	10	25	15
1975-06-12	0	12.3	19	14
1975-06-13	0	9.2	20	11
1975-06-14	0	8	26	14
1975-06-15	0.6	10.4	21	9
1975-06-16	0	10.7	25	12
1975-06-17	0	6.8	21	11
1975-06-18	0	8.5	19	8
1975-06-19	4	5.6	18	13
1975-06-20	1.5	6	19	12
1975-06-21	2.7	6.9	16	12
1975-06-22	0	7.8	21	11
1975-06-23	0	6.9	22	14
1975-06-24	0	11.2	22	11
1975-06-25	0	9.3	21	10
1975-06-26	0	9.8	24	10
1975-06-27	3	8.1	19	14
1975-06-28	0.5	3.8	18	13
1975-06-29	0	5.7	19	12
1975-06-30	1.3	5.2	20	13
1975-07-01	0	8.9	22	11
1975-07-02	0	10.5	22	10
1975-07-03	0	11.4	23	12
1975-07-04	0	10.8	19	12
1975-07-05	0	9.4	19	9
1975-07-06	0	8.1	18	8
1975-07-07	1.2	5.2	18	12
1975-07-08	0	10.4	18	10
1975-07-09	0	11.7	19	10
1975-07-10	0	6.7	22	13
1975-07-11	2.6	4.8	19	12
1975-07-12	6	5.2	20	13
1975-07-13	0	6.8	19	12
1975-07-14	14	4.3	16	11
1975-07-15	35	7	15	12
1975-07-16	18	7	16	12
1975-07-17	2.5	3.8	19	12
1975-07-18	12	5.9	17	12
1975-07-19	18	3.6	15.1	13
1975-07-20	0.8	3.8	18	12
1975-07-21	2.3	5	19	10
1975-07-22	0.4	5.4	21	10
1975-07-23	0	5.8	21	10
1975-07-24	0	9.1	25	11
1975-07-25	0	9.3	23	10
1975-07-26	0	7.5	22	11
1975-07-27	18	4.5	15.1	14
1975-07-28	0	7.4	22	12
1975-07-29	0	7.7	25	9
1975-07-30	0	9.5	23	11
1975-07-31	0	6	23	11
1975-08-01	0	7.8	24	10
1975-08-02	0	6.4	19	13
1975-08-03	0	9.3	23	10
1975-08-04	0	7.1	23	10
1975-08-05	47.5	10.8	17	12
1975-08-06	4.5	4.3	15	12
1975-08-07	12	7.5	19	12
1975-08-08	49	2.3	14	13
1975-08-09	11.2	4.2	15	12
1975-08-10	14.1	7.5	14	12
1975-08-11	2.6	2.5	19	12
1975-08-12	20	7.3	15	13
1975-08-13	1.3	3.3	16	12
1975-08-14	0	5.6	21	11
1975-08-15	0	6.6	21	11
1975-08-16	0	5.6	23	10
1975-08-17	0	6.5	21	11
1975-08-18	5.5	5.4	20	11
1975-08-19	0	5.1	18	12
1975-08-20	0	7.6	20	13
1975-08-21	0	6.4	18	12
1975-08-22	0	7.2	22	13
1975-08-23	0	7	21	13
1975-08-24	1.2	4.7	18	13
1975-08-25	0	5.2	23	11
1975-08-26	5.1	4.9	15	12
1975-08-27	4.6	3.8	15	13
1975-08-28	0	6.6	23	11
1975-08-29	1.1	4.3	17	10
1975-08-30	0	6	16	11
1975-08-31	4.4	3.9	19	12
1975-09-01	1	4.3	19	13
1975-09-02	0	3.9	18	11
1975-09-03	0	6.1	20	12
1975-09-04	0	5.1	22	10
1975-09-05	0	6.3	20	10
1975-09-06	0	7.2	24	11
1975-09-07	0	7.1	22	10
1975-09-08	0	6.4	20	13
1975-09-09	0	6.3	19	13
1975-09-10	0	3.8	19	14
1975-09-11	0	4.7	17	14
1975-09-12	0	6.3	17	13
1975-09-13	0	6.8	19	13
1975-09-14	0	5.5	20	12
1975-09-15	0	6.7	20	11
1975-09-16	0	6.9	23	9
1975-09-17	0	6.2	26	7
1975-09-18	0	6.5	26	12
1975-09-19	0	6.4	26	10
1975-09-20	0	8.8	25	11
1975-09-21	0	7.1	23	10
1975-09-22	0	4.5	22	10
1975-09-23	0	5.2	18	10
1975-09-24	0	7	21	7
1975-09-25	0	8.8	19	3
1975-09-26	0	6.8	23	2
1975-09-27	0	7.1	24	3
1975-09-28	0	7	23	6
1975-09-29	2.3	6.1	17	7
1975-09-30	0	6.1	21	5
1975-10-01	0	6.4	23	8
1975-10-02	0	7	13	10
1975-10-03	0	6.7	19	6
1975-10-04	0.7	6.3	21	6
1975-10-05	0	5.1	23	7
1975-10-06	0	7.9	21	7
1975-10-07	0	6.1	22	3
1975-10-08	0	8.2	25	4
1975-10-09	0	9.8	19	3
1975-10-10	0	7.1	22	9
1975-10-11	0	4.3	16	9
1975-10-12	0	8	22	7
1975-10-13	0	7.2	22	5
1975-10-14	0	5.4	25	6
1975-10-15	0	6.5	24	6
1975-10-16	0	6.8	22	7
1975-10-17	0	6	26	9
1975-10-18	0	6.9	21	8
1975-10-19	0	9.4	22	5
1975-10-20	0	9.3	21	2
1975-10-21	0	6.7	22	1
1975-10-22	0	7.6	19	5
1975-10-23	0	7.4	24	6
1975-10-24	0	5	21	8
1975-10-25	0	4.5	20	9
1975-10-26	0	6.4	21	10
1975-10-27	0	7.3	19	10
1975-10-28	0	7.5	22	8
1975-10-29	0	8.9	13	8
1975-10-30	0	5.3	14	9
1975-10-31	0	5.2	22	3
1975-11-01	0	6.6	22	2
1975-11-02	0	6.1	23	2
1975-11-03	0	7.1	18	4
1975-11-04	0	6.6	18	7
1975-11-05	0	5.7	19	6
1975-11-06	0	6.6	25	3
1975-11-07	0	6.2	22	6
1975-11-08	0	5.8	24	6
1975-11-09	0	6.7	25	4
1975-11-10	0	9.5	25	4
1975-11-11	0	6.8	22	1
1975-11-12	0	8.6	14	4
1975-11-13	0	6.8	18	4
1975-11-14	0	8.1	21	0
1975-11-15	0	5.9	16	-4
1975-11-16	0	5	20	-5
1975-11-17	0	5.4	23	-2
1975-11-18	0	5.3	20	1
1975-11-19	0	6.4	23	3
1975-11-20	0	6.4	22	0
1975-11-21	0	5.8	19	2
1975-11-22	0	5.6	22	2
1975-11-23	0	4.7	21	3
1975-11-24	0	4.9	19	3
1975-11-25	0	6.2	20	3
1975-11-26	0	6.5	21	4
1975-11-27	0	6.7	21	1
1975-11-28	0	6.9	21	3
1975-11-29	0	6	19	3
1975-11-30	0	5.3	22	5
1975-12-01	0	3.8	24	6
1975-12-02	0	6.6	22	5
1975-12-03	0	5.7	23	3
1975-12-04	0	4.8	20	3
1975-12-05	0	5.6	25	3
1975-12-06	0	7.9	20	3
1975-12-07	0	5.6	20	2
1975-12-08	0	4.9	15	1
1975-12-09	0	5.4	21	2
1975-12-10	0	4.9	21	-2
1975-12-11	0	4.4	19	0
1975-12-12	0	4.9	21	-1
1975-12-13	0	5.2	19	2
1975-12-14	0	5.3	21	1
1975-12-15	0	5.2	21	4
1975-12-16	0	6	21	5
1975-12-17	0	4.9	22	3
1975-12-18	7.5	2.4	14	4
1975-12-19	0	1.7	15	5
1975-12-20	0	4	15	5
1975-12-21	0	3.1	16	2
1975-12-22	0	3.8	18	0
1975-12-23	0	5.6	19	1
1975-12-24	0	7.7	19	1
1975-12-25	0	3.8	15	-4
1975-12-26	0	6	19	-3
1975-12-27	0	5.3	16	-3
1975-12-28	0	6.7	16	-4
1975-12-29	0	6.7	14	-1
1975-12-30	0	4.7	16	-2
1975-12-31	0	5.1	16	-1
1976-01-01	0	6.3	18	-4
1976-01-02	0	6.7	19	-2
1976-01-03	0	6.1	19	0
1976-01-04	0	6.4	19	0
1976-01-05	0	6.2	21	1
1976-01-06	0	5.8	22	1
1976-01-07	0	6	18	0
1976-01-08	0	4.4	20	1
1976-01-09	0	4.4	19	0
1976-01-10	0	5.1	21	0
1976-01-11	0	6.9	20	1
1976-01-12	0	4.7	20	1
1976-01-13	0	4.6	22	1
1976-01-14	0	7.2	13	1
1976-01-15	0	4.7	18	4
1976-01-16	0	6.5	13	2
1976-01-17	0	5.4	13	3
1976-01-18	0	3.8	14	-2
1976-01-19	0	5.5	16	-3
1976-01-20	0	5.8	13	-1
1976-01-21	0	4.7	13	1
1976-01-22	0	4.1	18	-1
1976-01-23	0	5.9	19	-2
1976-01-24	0	9	15	-1
1976-01-25	0	6.3	19	2
1976-01-26	0	5.7	19	-1
1976-01-27	0	5.2	12	-2
1976-01-28	0	5.3	20	0
1976-01-29	0	5.6	21	0
1976-01-30	0	7.5	18	1
1976-01-31	0	8.1	18	0
